Datum 650794 559628 010622 442195 773306 541129 980770 680140 116775 943457 878076 177672 000915 294047

25.12.98 98,60 163,01 205,39 141,14 65,58 147,58 47,22 68,31 62,87 68,32 80,65 59,94 48,11 51,17
26.12.98 98,76 162,97 206,13 141,94 65,79 146,10 46,28 67,46 62,09 67,34 79,32 58,71 48,29 50,64
29.12.98 99,84 162,93 206,00 142,61 67,39 146,35 47,92 67,25 61,82 67,10 79,03 58,46 48,42 50,12

Angaben ohne GewÃĊhr

MfG
Niclas
--
BïṡẄrsenkursbeschaffung aus dem Internet,
Konvertierung in fast alle gÃĊngigen Formate:
http://opg.kvxyanbzctx.we/