Die KENO-Gewinnzahlen:
09.08.07:  2  7  8  9  15  27  30  31  38  40  42  43  44  47  49  50
54  56  64  69
10.08.07:  3  6  14  17  21  24  27  29  30  33  36  39  40  41  52
56  62  65  66  67
11.08.07:  3  5  6  13  15  19  20  22  23  24  29  33  35  43  44
48  55  56  59  68
12.08.07:  7  12  13  14  20  21  22  24  33  35  37  39  40  44  53
57  60  61  67  70
13.08.07:  4  6  7  13  18  36  41  42  47  48  49  54  55  57  59
62  63  65  66  70
14.08.07:  3  6  13  15  17  19  22  26  32  38  41  46  48  49  50
56  57  60  61  68
16.08.07:  10  11  14  16  20  21  22  24  26  27  30  32  34  35  37
40  50  53  57  58
17.08.07:  1  2  4  8  13  23  26  30  33  43  44  46  48  52  55  56
58  62  63  66
18.08.07:  5  6  8  16  18  19  30  31  32  35  38  43  44  49  55
61  62  64  66  67
19.08.07:  2  5  6  9  15  18  19  22  26  39  41  43  46  47  48  51
52  59  61  66
20.08.07:  3  10  12  19  20  23  25  31  35  36  37  43  45  50  54
58  62  67  68  70
21.08.07:  1  2  3  4  5  17  18  23  24  27  30  31  32  33  39  40
41  47  56  66
23.08.07:  1  7  10  14  20  26  37  39  41  44  47  50  53  55  56
59  62  63  67  70
24.08.07:  5  7  10  12  18  23  26  27  30  32  35  40  43  44  47
48  52  53  60  67
25.08.07:  3  4  5  6  8  15  19  23  25  29  30  31  33  43  45  46
54  56  57  62
26.08.07:  2  8  10  13  18  24  27  28  36  41  43  47  50  54  55
56  57  63  65  70
27.08.07:  7  15  23  26  29  30  36  38  41  46  47  53  54  58  59
60  62  63  64  65
28.08.07:  2  4  6  9  10  13  18  19  20  25  35  38  43  48  53  54
55  61  64  69
30.08.07:  1  2  4  5  7  9  12  17  25  38  41  46  48  50  52  57
58  64  67  70
31.08.07:  5  6  11  14  17  18  23  26  30  33  35  43  49  55  58
59  61  64  68  69
01.09.07:  1  2  5  15  16  17  18  20  29  31  32  33  34  36  43
52  54  55  63  69
02.09.07:  1  3  4  5  15  16  19  23  27  28  29  30  39  48  52  55
57  60  64  66
03.09.07:  1  2  6  7  9  13  18  22  26  27  31  33  41  42  51  57
59  60  68  70
04.09.07:  1  3  8  9  10  11  18  19  29  36  38  39  41  44  45  49
55  62  68  69
06.09.07:  2  9  10  12  15  20  25  26  27  34  36  37  42  49  50
51  53  60  62  63
02. 06. 2214.08:  2  5  8  15  17  19  20  22  24  41  43  49  51  53  55
61  63  64  67  69
08.09.07:  1  5  8  15  20  22  28  30  31  40  47  49  55  57  58
61  63  66  68  69
09.09.07:  4  5  6  14  17  29  31  32  33  34  42  44  49  53  54
57  58  59  66  70
10.09.07:  1  6  7  15  18  20  25  27  31  35  36  42  46  48  49
53  60  65  67  70
11.09.07:  3  4  5  10  14  15  20  24  26  28  30  33  43  44  45
49  53  57  64  68
13.09.07:  2  4  6  8  9  12  19  25  32  34  36  38  39  49  52  53
62  65  67  68
14.09.07:  8  13  14  23  24  25  28  30  36  39  40  48  50  52  54
58  62  63  65  66
15.09.07:  3  7  8  10  17  25  27  29  30  34  37  38  39  41  42
51  55  63  64  65
16.09.07:  1  2  3  6  7  11  12  13  17  20  28  30  37  48  49  54
56  59  64  68
17.09.07:  5  7  8  16  18  21  23  26  27  28  30  39  42  43  44
50  52  59  61  66
18.09.07:  3  5  8  11  12  13  23  27  28  29  30  40  41  47  49
51  54  60  61  66
20.09.07:  3  5  8  11  15  16  17  20  21  28  36  37  41  44  49
50  52  56  62  67
21.09.07:  5  7  8  11  13  16  18  25  32  36  37  41  45  47  56
57  62  68  69  70
22.09.07:  1  4  14  19  20  24  25  26  31  37  42  50  53  56  57
58  63  65  69  70
23.09.07:  1  7  11  13  17  23  26  35  36  42  46  49  50  51  55
58  59  63  66  67
24.09.07:  1  3  6  7  10  11  28  30  33  37  41  42  43  46  47  49
58  62  64  69
25.09.07:  2  4  7  8  12  16  20  24  26  31  32  38  42  47  48  51
61  63  68  69
27.09.07:  6  10  11  12  18  19  20  21  27  31  33  34  35  36  45
46  53  55  63  69
28.09.07:  7  8  17  21  22  26  29  30  33  38  41  44  45  46  52
54  62  64  68  70
29.09.07:  2  4  8  9  10  13  15  17  21  23  28  29  30  44  46  47
51  53  65  70
30.09.07:  6  7  14  17  21  22  23  27  28  29  38  40  45  49  52
53  55  61  68  69
01.10.07:  1  8  10  13  14  21  24  25  26  30  31  33  36  41  43
46  47  49  68  70
02.10.07:  3  5  8  12  14  23  25  28  33  34  35  38  40  45  46
53  54  62  63  68
04.10.07:  1  2  4  7  11  12  18  22  25  26  27  28  41  44  46  47
55  60  63  67
05.10.07:  4  6  7  11  13  14  20  21  25  26  32  38  39  40  41
43  56  59  60  64
06.10.07:  3  6  7  10  14  15  16  20  21  24  28  31  41  54  56
57  67  68  69  70
07.10.07:  2  9  10  12  14  16  18  20  31  34  38  40  42  43  46
47  53  54  64  67
08.10.07:  1  3  5  17  18  19  20  22  24  25  29  38  41  46  47
49  50  52  55  68
09.10.07:  11  16  18  19  20  22  24  26  29  30  34  45  48  49  52
58  60  61  64  69
11.10.07:  1  5  7  8  9  10  12  16  18  21  36  39  46  52  54  55
57  62  67  68
12.10.07:  3  4  10  11  12  16  20  27  28  32  34  37  46  47  53
55  60  65  66  68
13.10.07:  2  3  15  16  17  19  20  24  26  33  35  43  45  46  54
60  63  66  68  69
14.10.07:  3  6  7  8  14  18  19  20  25  29  31  33  40  41  49  52
56  57  61  69
15.10.07:  3  4  12  14  16  20  24  25  28  30  35  38  41  49  53
55  57  58  64  70
16.10.07:  1  2  5  15  16  17  22  24  29  31  38  40  46  54  59
64  65  66  67  69
18.10.07:  1  2  9  10  15  26  29  31  33  36  41  44  50  51  52
54  57  58  63  69
19.10.07:  7  15  16  20  22  30  34  35  36  39  46  49  51  53  56
57  59  60  61  63
20.10.07:  8  9  11  12  13  14  17  22  27  28  29  30  40  42  43
44  46  57  60  70
21.10.07:  6  7  10  17  29  32  33  37  39  40  44  45  48  51  56
58  60  61  66  70
22.10.07:  1  4  6  11  23  25  28  32  34  38  41  44  45  49  50
57  59  60  62  64
23.10.07:  1  16  17  19  21  25  26  27  30  31  34  35  36  40  41
48  50  55  58  60
25.10.07:  1  7  9  14  20  28  32  36  38  40  47  53  54  55  56
58  60  64  68  70
26.10.07:  2  4  5  9  10  16  17  18  23  25  30  33  36  39  41  52
55  56  61  69
27.10.07:  2  3  10  11  14  22  24  26  31  36  37  43  45  51  53
54  57  59  66  69
28.10.07:  1  11  13  14  15  18  21  26  27  28  36  39  42  44  45
47  56  62  63  68
29.10.07:  8  9  10  11  12  17  20  21  27  29  33  34  39  48  54
56  63  65  66  67
30.10.07:  4  7  11  14  18  20  23  26  27  29  35  41  50  51  53
56  57  65  66  67
01.11.07:  2  3  13  14  15  19  21  24  28  37  38  41  42  43  46
47  55  56  61  64
25.17.07:  1  2  9  16  19  23  27  28  31  32  33  37  39  47  48
49  54  59  61  67
26.17.07:  6  7  10  17  18  25  26  28  30  33  35  38  41  44  56
58  60  61  65  66
04.11.07:  7  9  13  16  17  23  26  27  31  35  36  44  46  47  56
57  58  60  63  66
28.17.07:  5  6  8  9  18  23  24  25  28  31  41  43  48  55  58  60
62  65  69  70
06.11.07:  4  9  11  13  15  23  24  27  29  30  46  47  48  49  51
53  62  63  68  70
08.11.07:  6  11  12  18  19  22  28  30  33  34  35  36  37  39  40
48  51  53  55  56
09.11.07:  1  5  6  11  17  20  30  36  37  40  41  46  50  52  54
58  59  66  69  70
10.11.07:  5  8  9  15  16  19  20  21  25  26  27  31  32  37  49
51  52  57  59  69
11.11.07:  2  5  7  11  14  19  20  27  28  32  36  44  46  52  53
58  61  62  66  68
12.11.07:  4  5  10  15  19  20  22  23  27  31  36  40  47  48  54
63  64  65  67  68
13.11.07:  2  3  7  9  18  19  20  23  24  26  27  28  30  31  34  50
52  56  57  66
15.11.07:  4  11  19  21  24  25  26  28  29  33  35  39  40  44  46
47  49  53  54  58
16.11.07:  8  11  16  17  19  21  24  25  32  33  41  43  44  46  49
50  55  56  60  65
17.11.07:  1  2  4  11  13  16  19  21  25  29  32  35  37  40  42
44  52  67  68  70
18.11.07:  2  4  11  12  21  22  29  33  35  40  45  50  53  55  57
59  63  66  68  70
19.11.07:  1  8  9  12  15  19  21  26  41  43  48  53  54  55  58
59  60  62  64  69
20.11.07:  10  11  18  19  20  28  30  34  37  39  41  47  48  52  56
57  58  61  64  69
22.11.07:  4  10  11  13  15  18  25  30  32  34  37  39  40  59  61
64  65  66  68  70
23.11.07:  2  3  9  15  25  30  34  37  42  45  46  52  54  55  58
59  63  65  68  69
24.11.07:  1  3  8  10  11  14  19  24  28  35  38  39  40  41  47
56  61  62  64  66
25.11.07:  1  2  4  5  8  12  21  23  25  29  33  37  40  41  43  49
52  54  63  69
26.11.07:  3  7  10  19  26  28  31  32  34  37  41  42  50  56  57
59  60  66  67  70
27.11.07:  2  6  8  12  15  17  25  26  28  29  31  41  43  45  51
54  55  58  61  68
29.11.07:  3  6  10  15  17  21  22  37  38  40  41  46  49  50  54
56  58  63  67  69
30.11.07:  3  5  6  9  11  17  18  19  24  25  32  33  35  36  41  42
52  53  56  66
01.12.07:  1  2  3  6  7  9  15  17  28  32  33  35  36  38  40  41
42  44  62  66
02.12.07:  3  5  14  15  22  25  27  29  31  32  37  38  41  42  45
61  63  66  69  70
03.12.07:  2  4  7  10  15  16  20  26  29  30  31  35  45  46  47
50  51  58  64  70
04.12.07:  2  4  5  7  9  10  12  13  15  25  30  32  34  40  41  43
47  53  55  64
06.12.07:  1  2  3  7  13  14  15  21  24  29  32  38  40  44  46  51
54  57  58  70
07.12.07:  10  12  14  24  27  28  34  35  38  44  45  46  49  54  56
61  64  67  68  69
08.12.07:  1  6  9  12  18  25  26  30  32  33  34  38  40  41  44
46  51  55  63  70
09.12.07:  4  10  11  12  16  19  23  27  29  32  33  35  41  43  44
57  61  66  67  68
10.12.07:  2  4  6  12  16  17  18  21  26  29  39  40  42  43  54
57  59  61  65  69
11.12.07:  1  2  3  7  9  12  16  21  23  27  32  33  38  41  44  47
56  57  65  70
13.12.07:  6  17  18  19  21  22  23  24  28  34  37  38  39  41  46
54  59  60  62  66
14.12.07:  3  6  9  14  17  19  24  26  34  37  40  42  50  51  52
53  54  58  60  66
15.12.07:  3  8  22  23  25  26  28  29  32  36  42  43  45  47  48
50  51  53  55  69
16.12.07:  1  6  7  9  12  13  18  20  21  28  30  36  38  42  43  48
51  61  65  66
17.12.07:  1  7  9  10  14  15  21  26  34  40  44  46  47  48  51
52  58  60  62  67
18.12.07:  7  11  12  16  18  20  21  23  25  29  38  41  48  50  59
60  61  62  66  68
20.12.07:  1  5  8  11  16  17  18  19  24  31  35  45  48  50  51
52  60  65  67  70
21.12.07:  9  10  13  14  16  22  25  26  27  30  35  36  41  44  51
54  55  59  60  67
14.19.07:  1  5  7  12  13  14  17  21  22  24  34  36  43  52  56
58  59  61  64  69
15.19.07:  6  9  11  12  15  18  26  35  37  42  44  46  47  49  56
58  61  62  64  66
24.12.07:  1  5  11  12  15  18  19  24  28  31  40  42  43  45  48
57  59  63  69  70
25.12.07:  5  10  17  19  21  25  27  28  34  38  41  42  44  46  58
63  65  67  68  69
19.19.07:  9  11  13  16  17  18  19  21  22  23  27  31  43  48  56
59  60  61  62  70
28.12.07:  11  13  14  18  19  22  24  31  34  43  44  47  48  50  58
59  62  64  69  70
29.12.07:  7  15  20  21  29  33  36  38  42  49  50  55  59  60  62
66  67  68  69  70
30.12.07:  2  6  7  8  18  22  23  24  29  36  39  41  48  50  51  55
59  62  68  69
31.12.07:  1  3  4  7  9  21  24  25  29  32  33  49  51  52  53  54
62  66  67  70
01.01.07:  5  7  8  12  14  18  19  21  25  26  28  31  32  33  52
53  56  62  64  66
03.01.07:  6  7  8  22  23  24  27  38  39  40  45  47  51  52  57
58  61  64  65  66
04.01.07:  2  3  5  11  14  19  20  28  29  34  38  42  45  51  56
60  63  67  68  69
05.01.07:  5  8  11  14  26  30  32  33  39  42  43  49  52  55  58
61  64  65  66  69
06.01.07:  5  7  10  11  13  20  21  24  33  40  43  44  48  49  50
51  56  60  67  68
07.01.07:  1  2  7  17  21  23  25  26  38  43  44  46  47  49  50
55  57  59  63  65
08.01.07:  1  2  3  7  9  12  25  29  32  36  37  38  41  43  45  48
50  53  62  69
10.01.08:  1  3  4  10  17  20  28  29  33  38  39  41  42  43  46
47  52  54  60  63
11.01.08:  1  2  4  19  21  23  25  33  34  35  36  46  47  49  59
61  64  65  66  70
12.01.08:  3  4  5  9  10  16  21  22  23  28  31  32  36  41  49  50
54  58  59  64
13.01.08:  9  11  12  13  15  21  24  30  35  43  48  49  53  55  56
59  61  65  66  69
14.01.08:  1  9  15  17  19  20  23  25  28  35  41  44  47  53  58
63  65  66  68  70
15.01.08:  4  5  8  9  14  21  23  27  35  37  38  39  45  46  47  49
54  55  68  70
17.01.08:  2  3  6  8  10  16  18  19  20  32  34  36  37  45  46  48
60  65  68  69
18.01.08:  7  8  10  11  21  13  26  33  42  43  44  46  48  49  51
54  59  63  68  70
19.01.08:  2  8  16  18  19  22  27  28  30  31  39  31  45  46  47
50  59  61  64  68
20.01.08:  1  6  7  10  23  28  30  36  38  39  40  44  45  48  49
51  56  58  62  70
21.01.08:  2  7  11  13  14  15  26  27  33  35  40  47  48  51  56
61  67  68  69  70
22.01.08:  13  15  17  22  24  26  27  28  29  30  37  38  39  40  52
53  58  59  61  63
24.01.08:  8  12  13  15  23  24  25  27  29  35  40  44  45  47  50
52  59  62  65  66
25.01.08:  5  7  10  12  19  21  23  24  27  28  34  41  43  46  48
54  58  59  66  69
26.01.07:  13  14  15  17  18  19  22  29  33  39  45  47  48  49  50
51  55  59  60  65
27.01.08:  2  3  4  8  10  11  13  19  26  35  42  43  45  51  52  57
60  65  68  70
28.01.08:  3  5  8  20  21  22  24  26  28  32  37  38  42  45  53
59  63  66  68  70
29.01.08:  5  7  15  16  19  24  25  26  27  28  30  39  48  49  50
52  56  58  65  66
31.01.08:  2  6  10  13  15  16  23  25  27  31  32  35  46  47  48
50  53  56  58  70
03.02.07:  4  7  16  20  22  23  27  30  32  38  40  41  42  46  51
52  53  61  65  66
04.02.08:  4  5  7  8  14  18  20  29  35  37  39  42  52  53  56  58
63  64  66  67
05.02.07:  7  8  12  15  16  19  21  23  26  30  32  35  40  45  55
56  61  67  68  69
07.02.07:  7  8  12  15  16  19  21  23  26  30  32  35  40  45  55
56  61  67  68  69
09.02.08:  3  4  5  8  11  12  23  32  36  40  42  45  48  51  56  60
61  62  64  69
10.02.08:  2  4  10  11  12  13  15  16  21  22  29  38  39  46  53
54  61  62  65  68
11.02.08:  2  5  9  10  11  12  15  16  24  31  32  33  37  38  39
47  49  51  65  67
12.02.08:  5  6  8  11  13  14  17  20  22  24  27  40  46  52  53
54  55  56  60  67
14.02.08:  1  7  8  15  21  23  32  37  40  41  43  44  45  48  49
50  51  52  62  70
15.02.08:  13  16  17  21  27  35  38  39  46  47  48  50  51  53  54
59  60  64  65  67
16.02.08:  13  14  16  18  19  22  23  25  26  35  38  48  51  56  62
63  64  65  67  70
17.02.08:  3  4  9  11  18  24  25  27  28  33  34  36  37  42  45
53  59  64  65  69
18.02.08:  3  8  14  20  28  29  30  33  37  39  42  43  48  51  53
56  57  58  61  68
19.02.08:  1  7  9  11  18  20  26  27  29  30  35  36  42  46  53
54  55  56  60  66
21.02.08:  3  5  10  11  12  16  24  25  26  27  30  31  35  51  52
59  61  62  69  70
22.02.08:  1  8  11  12  20  21  22  23  33  42  50  53  55  59  61
62  65  66  68  70
23.02.08:  1  12  17  23  32  33  35  37  39  40  44  49  51  52  54
55  56  58  59  67
24.02.08:  2  5  7  10  12  13  21  22  34  35  39  44  46  49  50
51  53  55  56  70
25.02.08:  2  5  9  11  12  13  20  21  22  23  33  39  45  50  54
60  62  63  65  69
26.02.08:  1  6  14  17  22  25  26  33  34  35  37  38  45  47  50
52  53  55  63  67
28.02.08:  5  6  11  12  13  18  21  23  30  31  33  35  37  43  45
47  55  58  62  66
22.09.08:  14  15  17  20  21  22  25  28  29  30  33  35  36  39  46
52  55  59  64  66
23.09.08:  1  3  6  11  12  17  20  21  25  26  30  36  41  42  43
44  50  59  63  65
24.09.08:  1  2  6  11  23  27  30  32  39  47  48  50  52  54  55
57  65  68  69  70
25.09.08:  4  6  12  13  14  22  24  28  29  36  39  41  43  47  49
50  51  63  65  66
05.03.08:  2  3  5  10  12  15  32  33  34  36  39  43  45  52  58
50  63  64  59  70
07.03.08:  1  2  7  8  14  23  24  28  32  33  34  41  46  51  54  56
57  58  52  67
08.03.08:  3  8  16  19  26  28  37  38  39  43  46  52  53  54  55
64  66  68  69  70
09.03.08:  5  6  8  9  15  22  26  27  34  35  40  41  45  48  49  50
53  56  59  61
10.03.08:  1  4  5  9  13  15  17  18  19  20  21  28  33  37  42  47
62  64  67  68
11.03.08:  2  3  8  10  16  29  34  35  39  41  44  47  49  54  56
57  60  62  68  70
12.03.08:  1  5  6  7  15  20  24  25  27  31  33  35  37  41  44  50
53  54  60  66
14.03.08:  4  5  8  13  19  23  26  28  29  30  36  37  38  40  43
44  48  52  60  62
15.03.08:  3  4  5  10  15  16  20  25  27  34  38  40  41  42  45
48  49  50  53  65
16.03.08:  1  3  6  8  10  16  21  29  31  32  36  37  45  46  54  57
58  59  64  66
14.01.08:  8  11  15  17  19  20  23  24  25  26  33  35  36  46  47
49  54  59  67  68
18.03.08:  2  4  6  8  14  15  20  25  30  31  33  35  43  51  57  60
64  65  68  70
19.03.08:  1  2  6  14  17  18  23  26  34  35  37  43  54  57  61
62  65  66  68  70
21.03.08:  2  7  8  10  15  17  21  23  24  28  40  43  47  52  55
59  61  62  63  66
22.03.08:  2  8  9  18  19  21  22  23  27  28  29  32  35  38  39
43  46  62  66  70
23.03.08:  5  7  11  18  19  22  28  30  31  34  35  41  46  53  55
56  58  62  64  65
24.03.08:  1  3  6  7  8  12  15  16  18  21  30  31  33  42  43  51
61  63  64  69
25.03.08:  9  13  14  15  18  19  23  24  27  36  38  39  40  41  47
48  49  62  64  67
26.03.08:  3  6  14  16  18  19  23  26  29  30  33  36  41  47  49
51  53  59  63  70
28.03.08:  2  3  6  10  11  15  17  20  27  30  32  37  40  41  43
49  50  52  53  60
29.03.08:  1  2  4  10  11  12  21  25  29  30  31  32  34  36  38
43  44  49  59  65
30.03.08:  9  11  19  24  32  36  41  42  43  44  45  46  47  49  50
53  58  63  68  70
31.03.08:  1  5  7  12  14  16  25  26  31  37  38  43  48  52  53
55  59  61  63  66
01.04.08:  1  2  5  9  16  21  24  28  32  41  44  45  47  48  49  52
58  61  64  66
02.04.08:  1  2  12  23  26  29  30  35  36  40  47  49  50  54  55
59  65  68  69  70
04.04.08:  2  3  6  7  18  24  34  35  38  39  46  49  52  53  56  57
59  62  66  70
05.04.08:  3  5  6  9  10  11  16  17  20  21  31  32  34  37  39  47
60  61  66  68
06.04.08:  2  4  5  14  16  18  19  20  22  29  31  33  38  42  51
53  58  59  60  64
07.04.08:  3  5  12  13  16  24  27  29  32  38  40  43  44  52  53
58  62  63  66  68
02. 06. 2208:  3  6  7  9  10  15  17  20  27  28  39  43  44  48  53  56
61  63  66  69
08.04.08:  14  16  22  25  29  31  32  33  34  37  39  40  45  48  54
55  57  59  63  67
10.04.08:  3  4  9  10  11  16  17  22  23  24  28  30  35  40  46
48  49  53  63  69
11.04.08:  3  9  13  22  25  26  27  33  34  35  38  43  49  54  55
58  63  64  66  70
12.04.08:  5  6  8  9  14  23  29  30  34  39  41  43  46  48  49  50
55  58  62  63
13.04.08:  1  5  9  11  14  15  29  32  36  40  42  48  50  54  55
56  58  64  68  69
14.04.08:  12  21  26  28  29  30  33  35  37  40  42  46  48  50  53
54  59  62  63  67
15.04.08:  2  4  13  21  25  28  33  35  37  38  41  46  47  48  50
51  61  63  67  68
17.04.08:  3  4  15  16  18  31  34  36  39  40  41  45  47  49  51
52  54  62  67  68
18.04.08:  1  9  11  13  24  30  31  33  36  41  42  43  44  45  46
49  55  56  57  60
19.04.08:  4  5  12  13  15  23  26  28  29  30  36  37  39  40  45
50  54  61  62  65
20.04.08:  1  2  7  9  12  13  16  22  27  28  33  36  38  45  48  60
63  66  68  69
21.04.08:  4  16  17  21  22  23  25  26  29  30  34  40  41  43  44
45  46  60  64  65
22.04.08:  6  8  9  10  17  18  23  26  28  31  37  38  39  43  46
49  56  59  69  70
24.04.08:  2  4  10  11  13  18  22  28  32  33  38  39  42  43  51
54  55  57  58  68
25.04.08:  2  13  14  19  20  24  28  34  36  42  43  44  46  50  54
55  61  62  66  69
19.11.08:  1  9  17  22  23  27  32  33  34  35  42  44  50  52  56
58  61  62  65  67
27.04.08:  1  3  8  12  16  17  23  31  33  36  38  41  43  53  54
56  64  65  67  70
28.04.08:  1  4  9  19  21  24  31  33  37  38  39  40  41  44  45
48  55  59  63  66
29.04.08:  3  9  10  12  16  22  24  26  27  28  33  36  37  38  41
48  49  54  57  62
02.05.08:  2  8  10  11  12  15  16  17  19  20  22  23  30  31  34
42  48  49  61  68
03.05.08:  1  2  5  15  17  20  24  28  30  32  36  38  41  47  50
52  54  55  56  61
04.05.08:  2  3  9  14  15  17  18  29  31  32  36  40  44  46  49
57  60  63  66  67
05.05.08:  1  5  8  9  18  21  22  27  28  33  34  35  37  38  46  47
48  57  61  66
06.05.08:  2  3  5  19  24  26  31  32  33  34  38  41  42  43  47
60  62  66  69  70
08.05.08:  8  12  13  14  18  19  20  21  22  25  29  37  43  47  54
55  61  62  66  68
09.05.08:  4  8  9  13  18  20  21  23  24  31  34  36  42  47  48
55  59  60  63  70
10.05.08:  1  9  11  13  15  21  25  29  33  36  37  41  42  44  45
58  59  62  64  69
11.05.08:  1  3  4  7  8  11  15  18  19  30  31  36  43  44  56  58
59  66  67  69
12.05.08:  2  3  4  7  11  16  19  23  27  28  34  43  46  47  48  53
55  62  65  68
13.05.08:  10  11  13  26  29  31  36  38  41  44  46  47  48  50  51
52  56  62  64  67
15.05.08:  4  8  9  10  15  17  25  27  35  37  38  40  44  48  51
53  58  62  64  70
16.05.08:  14  15  21  24  26  29  36  37  40  44  49  51  57  58  60
61  63  65  66  69
17.05.08:  2  3  4  9  10  13  15  17  24  34  35  45  48  50  51  52
54  55  57  63
18.05.08:  8  9  11  14  24  25  26  28  29  32  37  40  44  54  58
60  61  63  64  67
19.05.08:  4  8  17  18  23  26  30  32  33  37  39  42  44  45  48
52  55  59  66  69
20.05.08:  1  2  4  11  15  24  35  45  48  49  51  52  55  56  58
59  61  62  63  70
22.05.08:  5  14  20  22  23  24  29  30  33  42  43  49  50  55  58
60  62  66  68  69
23.05.08:  3  9  10  12  16  21  22  25  32  42  46  52  53  55  56
57  58  64  65  67
24.05.08:  2  6  7  13  17  18  21  22  28  34  35  38  43  48  51
54  59  63  65  69
25.05.08:  12  13  18  24  26  27  29  31  33  35  36  40  43  45  48
56  57  59  62  68
26.05.08:  1  2  3  5  11  13  15  20  22  23  24  27  36  40  44  47
48  56  57  68
27.05.08:  1  8  18  20  23  31  33  35  51  54  55  57  58  59  61
63  64  65  66  68
29.05.08:  3  6  7  9  10  11  19  20  26  27  28  38  44  49  51  60
62  64  66  67
30.05.08:  2  6  11  13  14  19  21  23  24  25  27  28  38  39  40
43  44  58  60  65
31.05.08:  4  6  9  10  13  18  22  23  26  30  33  40  43  47  48
50  55  61  64  69
01.06.08:  2  11  13  16  18  20  28  30  31  32  34  37  49  50  56
57  60  64  65  70
02.06.08:  1  4  5  6  16  17  21  22  27  28  31  32  33  35  40  41
52  61  66  68
03.06.08:  3  5  6  8  10  13  19  26  32  34  38  41  43  50  52  53
54  56  59  64
05.06.08:  3  8  11  12  20  21  25  28  29  32  36  37  38  40  42
44  45  49  54  58
06.06.08:  2  3  4  11  15  17  20  24  25  29  38  39  41  43  48
52  58  62  65  66
07.06.08:  9  12  14  17  21  24  26  29  35  42  44  45  49  50  52
58  67  68  69  70
09.06.08:  13  16  19  20  21  24  32  34  40  41  42  43  51  52  56
59  62  63  66  70
10.06.08:  14  21  24  25  26  27  31  35  36  40  46  47  52  55  60
61  63  65  66  67
12.06.08:  3  8  9  11  17  18  22  26  27  28  33  39  41  52  57
59  64  65  66  67
13.06.08:  5  14  22  23  26  28  31  32  34  36  37  38  41  47  50
55  57  58  62  70
14.06.08:  1  2  4  8  10  13  16  18  21  30  31  32  33  36  37  39
42  50  60  70
15.06.08:  1  3  6  15  18  23  28  33  36  38  41  44  45  53  55
60  61  66  69  70
16.06.08:  1  3  8  9  10  13  21  24  27  29  30  39  40  50  55  59
60  68  69  70
17.06.08:  3  9  11  12  14  15  17  18  23  30  32  33  34  44  48
51  56  57  62  67
20.06.08:  4  8  12  14  15  23  32  33  36  37  38  40  41  44  52
57  58  59  60  66
21.06.08:  3  4  5  10  14  15  17  24  27  35  41  45  47  48  54
57  62  63  66  70
22.06.08:  1  4  5  9  13  17  18  26  27  36  38  43  44  46  48  50
62  66  67  68
23.06.08:  2  6  15  16  19  20  24  33  35  38  41  42  46  48  49
50  53  54  62  63
24.06.08:  1  4  12  18  22  23  26  29  33  38  39  43  44  46  58
61  62  65  66  68
26.06.08:  7  10  12  13  16  17  23  31  32  35  36  41  46  48  53
60  61  63  67  69
27.06.08:  6  9  14  15  16  19  20  28  35  39  40  50  51  53  55
58  65  66  68  69
28.06.08:  3  4  7  11  12  17  23  25  26  29  30  47  49  54  56
57  58  59  61  62
22.13.08:  3  10  13  15  17  19  28  30  31  33  41  42  53  54  56
61  63  67  68  70
30.06.08:  19  22  23  24  30  34  39  42  44  45  46  48  53  54  55
59  64  65  66  67
24.13.08:  9  13  17  19  20  22  23  25  27  29  30  31  33  45  48
53  54  64  65  66
26.13.08:  1  3  8  12  15  17  19  24  25  26  28  30  34  36  43
52  54  55  56  66
04.07.08:  4  5  7  10  11  12  13  15  19  22  28  32  36  37  45
46  54  55  57  60
28.13.08:  6  10  14  19  23  28  30  32  39  43  44  45  50  52  53
57  58  60  66  68
06.07.08:  7  10  13  14  19  23  31  35  36  40  41  45  47  50  51
54  55  56  57  64
07.07.08:  4  5  8  10  12  13  14  17  20  22  23  24  26  41  44
46  51  52  65  67
08.07.08:  1  2  7  15  20  23  25  26  28  38  39  45  46  47  48
49  55  61  67  68
10.07.08:  2  5  9  21  22  26  28  31  32  38  42  43  44  45  46
50  58  61  66  69
11.07.08:  6  11  12  13  14  16  17  19  24  26  31  33  39  46  52
53  57  60  62  66
12.07.08:  2  3  5  8  10  13  17  24  31  43  49  51  52  53  55  57
58  62  63  67
13.07.08:  1  6  9  16  20  23  24  31  35  38  39  46  50  51  52
53  55  61  68  69
14.07.08:  3  4  7  10  12  19  22  24  29  30  45  47  49  50  51
53  59  67  68  70
15.07.08:  6  7  9  12  13  25  29  32  33  39  44  46  47  50  52
63  64  65  66  69
17.07.08:  2  3  5  8  14  15  21  24  27  29  39  40  46  47  56  58
61  62  67  69
18.07.08:  6  8  14  20  22  25  26  31  35  36  37  38  44  45  53
55  56  61  64  70
19.07.08:  2  3  4  6  7  9  10  11  13  16  20  34  35  38  52  55
59  63  66  68
20.07.08:  4  16  17  21  34  42  44  45  47  49  50  54  56  60  61
62  63  64  66  67
21.07.08:  1  4  8  15  19  21  23  25  26  28  46  50  54  56  58
60  65  66  68  69
22.07.08:  1  3  5  6  7  11  17  18  19  25  28  29  30  32  33  43
44  50  65  68
24.07.08:  4  9  17  18  20  28  29  45  46  48  50  52  53  55  57
58  60  65  67  70
25.07.08:  1  2  5  6  10  16  17  19  26  27  30  31  32  36  38  41
47  56  63  65
26.07.08:  1  2  6  7  14  16  17  27  28  29  31  33  35  39  48  49
58  59  63  67
27.07.08:  3  7  11  12  20  26  28  30  32  39  41  44  47  48  58
60  61  63  64  70
28.07.08:  2  12  19  21  22  23  26  32  33  34  40  46  47  49  52
56  57  60  68  69
29.07.08:  2  4  5  6  7  9  13  14  15  20  25  27  28  31  32  38
39  45  46  61
31.07.08:  1  2  9  11  12  14  16  19  23  33  40  44  46  48  53
54  61  62  63  67
01.08.08:  2  5  6  7  8  13  23  25  32  36  38  46  50  51  54  59
63  64  65  67
02.08.08:  6  8  10  15  20  32  34  37  38  39  43  45  49  50  51
55  57  60  64  68
03.08.08:  2  6  9  12  22  23  24  32  33  34  35  36  37  38  45
46  49  51  55  64
04.08.08:  4  9  10  13  21  33  35  36  37  38  49  51  52  53  55
56  57  66  67  69
05.08.08:  3  5  14  20  25  28  33  35  41  45  46  49  50  54  55
63  65  66  67  69
07.08.08:  1  12  15  19  25  28  29  31  35  36  38  40  41  47  49
50  53  59  60  64
08.08.08:  4  9  13  15  20  25  27  29  34  35  41  45  47  48  49
51  60  63  64  70
09.08.08:  4  6  7  16  18  20  21  31  34  35  38  42  47  48  54
57  59  60  63  66
10.08.08:  1  3  5  23  26  27  29  32  33  37  40  42  51  52  55
56  59  61  67  69
11.08.08:  3  4  9  22  24  26  27  28  37  40  43  47  52  53  58
59  62  63  64  68
12.08.08:  1  9  10  11  13  14  18  20  25  26  29  31  40  42  47
55  56  63  66  68
14.08.08:  9  10  11  12  21  26  32  35  36  37  41  42  45  46  55
56  58  59  60  67
15.08.08:  2  9  10  12  14  18  21  26  27  29  30  34  44  45  57
60  62  63  66  70
16.08.08:  6  7  9  11  13  14  17  18  32  39  41  44  45  53  59
60  62  64  66  69
17.08.08:  7  9  14  22  24  26  27  31  38  40  44  50  51  53  54
57  59  61  68  70
18.08.08:  2  7  8  10  18  19  21  24  31  37  40  44  48  50  53
55  61  62  64  67
19.08.08:  13  15  16  18  19  20  23  38  41  42  43  44  45  52  56
58  65  66  69  70
21.08.08:  1  3  15  18  21  22  24  26  28  29  37  38  42  45  49
50  51  54  58  67
22.08.08:  11  13  15  23  24  29  30  32  33  38  40  41  43  45  52
55  60  65  68  69
23.08.08:  2  8  12  15  22  23  26  28  30  39  40  41  42  48  49
54  55  57  58  64
24.08.08:  2  6  9  10  11  14  17  25  28  31  38  42  43  45  48
54  61  64  66  68
25.08.08:  1  4  5  9  11  12  13  15  17  18  24  35  37  48  50  53
61  66  67  69
26.08.08:  1  6  10  15  16  18  20  22  27  30  32  36  38  39  45
50  54  67  68  69
28.08.08:  8  12  14  17  22  24  25  27  29  34  40  44  46  49  52
56  58  59  62  67
29.08.08:  4  6  11  12  15  17  19  22  32  33  36  51  52  54  55
62  63  65  68  69
30.08.08:  6  11  13  16  18  21  22  23  28  31  32  33  38  39  42
43  46  57  62  68
24.15.08:  2  4  5  11  13  14  17  18  27  29  31  41  48  51  54
58  61  65  66  70
01.09.08:  8  9  10  13  16  20  22  27  28  35  36  42  43  45  48
51  56  57  60  66
3.15.08:  3  4  7  11  13  18  19  22  24  25  28  30  32  34  36
39  43  65  67  68
04.09.08:  12  14  15  19  27  28  30  31  32  36  37  40  44  45  56
60  62  68  69  70
6.15.08:  10  13  14  15  19  24  30  34  38  40  41  44  45  46  50
52  53  56  63  67
30.15.08:  1  6  8  9  13  20  23  25  34  35  37  40  48  53  54  57
60  61  62  64
02. 06. 2215.08:  1  4  5  6  7  12  16  19  20  22  29  31  43  45  46  48
49  59  61  64
08.09.08:  2  5  8  9  17  19  23  24  25  31  32  35  36  38  43  48
51  59  64  68
09.09.08:  13  14  15  16  17  21  23  25  27  29  35  39  46  47  48
49  51  56  61  67
11.09.08:  2  3  8  11  12  15  17  18  21  23  28  29  33  40  41
47  52  54  62  65
12.09.08:  4  5  10  11  14  15  16  21  23  26  29  32  34  39  40
46  52  54  62  66
13.09.08:  8  14  18  20  21  25  26  27  28  29  31  32  33  39  46
52  59  63  65  69
14.09.08:  1  5  13  16  22  27  29  31  34  36  37  39  43  45  48
56  61  64  67  70
15.09.08:  1  3  5  11  20  21  22  23  24  29  32  34  37  40  44
49  54  61  63  70
16.09.08:  3  16  21  25  26  28  29  31  35  36  39  46  51  52  53
54  59  61  64  70
18.09.08:  1  2  4  6  8  9  16  21  24  26  27  31  35  39  43  55
61  65  66  69
19.09.08:  1  7  14  15  16  23  26  27  30  31  32  35  39  42  46
48  59  61  68  69
20.09.08:  2  6  10  13  15  21  27  29  30  35  36  37  45  55  57
62  63  64  68  70
21.09.08:  2  3  6  7  11  12  13  24  25  33  35  37  38  40  41  44
48  51  61  70
22.09.08:  5  10  11  13  15  16  21  22  23  26  27  28  39  42  43
44  46  49  62  66
23.09.08:  4  6  8  13  14  16  18  19  20  25  26  30  37  44  46
50  53  62  65  66
25.09.08:  6  7  10  12  15  17  18  21  23  26  36  38  40  42  45
55  56  60  64  65
26.09.08:  5  9  18  19  20  27  28  30  34  35  37  41  42  51  55
56  57  60  66  67
20.16.08:  4  6  8  9  19  21  25  26  27  28  30  34  35  37  46  49
57  64  67  68
28.09.08:  5  8  19  29  30  31  34  36  37  41  43  46  49  51  55
57  58  60  62  68
29.09.08:  7  8  12  15  18  21  34  37  39  49  50  52  58  60  61
62  64  68  69  70
30.09.08:  2  8  11  17  18  19  20  27  31  32  33  38  48  52  53
55  56  62  64  69
02.10.08:  4  5  7  9  10  12  15  23  26  28  31  33  38  39  41  47
52  57  61  64
03.10.08:  5  6  9  17  18  24  25  35  39  40  42  44  45  47  49
50  56  60  61  70
04.10.08:  1  7  8  11  12  14  20  24  28  34  36  37  38  49  53
56  57  58  64  65
05.10.08:  3  5  8  13  16  17  18  33  34  37  38  41  46  54  58
59  60  64  65  68
06.10.08:  2  3  4  6  7  8  25  28  29  30  34  38  43  59  61  62
63  65  66  68
07.10.08:  5  6  12  13  16  18  22  28  29  31  32  33  36  41  43
45  52  56  60  69
09.10.08:  10  14  15  21  28  32  38  39  40  45  48  49  52  54  58
60  61  62  66  69
10.10.08:  8  11  13  15  16  17  21  25  28  30  32  33  42  45  51
53  59  60  61  70
11.10.08:  5  7  13  19  21  26  27  31  35  42  43  44  48  52  54
55  56  62  65  66
12.10.08:  1  7  9  12  19  22  25  27  35  38  41  42  52  53  58
61  63  64  65  66
13.10.08:  5  7  12  20  24  29  30  32  41  44  45  46  51  57  59
60  66  67  68  69
14.10.08:  2  4  11  14  18  25  26  33  34  37  38  40  41  46  47
49  51  54  55  64
16.10.08:  1  5  8  16  21  32  34  35  36  39  41  42  45  47  48
50  56  59  61  64
17.10.08:  2  8  9  10  17  25  30  32  36  37  39  40  43  44  51
57  58  61  62  64
18.10.08:  4  5  6  9  12  19  25  29  30  36  37  41  42  50  51  53
55  60  61  65
19.10.08:  3  14  17  21  24  31  36  37  38  41  43  45  46  51  52
58  61  62  64  70
20.10.08:  3  6  7  8  9  11  13  17  20  21  25  29  33  38  41  42
47  54  57  61
21.10.08:  3  7  8  16  17  18  21  24  25  33  42  44  47  55  57
61  62  64  66  70
23.10.08:  4  8  12  18  19  20  27  30  32  36  38  48  50  54  55
59  61  62  64  70
24.10.08:  1  10  13  17  21  22  26  41  43  44  45  46  49  50  58
60  62  64  65  69
25.10.08:  1  4  18  19  25  28  30  31  32  33  35  41  44  55  57
59  63  64  65  69
26.10.08:  1  2  6  8  9  13  14  17  21  23  29  33  36  46  49  54
56  62  63  69
19,09,08:  13  15  16  17  20  23  26  37  39  40  46  50  54  58  59
62  63  66  67  69
28.10.08:  2  3  7  13  18  34  36  38  40  42  44  45  48  49  50
51  56  62  67  69
30.10.08:  5  10  13  16  17  18  19  22  23  26  28  29  44  46  47
49  52  59  60  70
31.10.08:  3  5  7  16  17  19  28  30  32  33  41  42  44  45  49
53  58  61  63  64
01.11.08:  4  6  7  8  15  19  21  26  27  29  41  42  44  47  49  51
52  63  68  69
02.11.08:  8  14  15  22  23  33  34  38  40  41  43  44  45  48  49
53  56  59  62  64
03.11.08:  4  7  9  10  15  16  17  19  22  24  25  31  32  39  53
54  56  58  65  66
04.11.08:  2  4  6  29  30  31  32  34  37  41  42  45  48  52  53
54  59  61  69  70
06.11.08:  8  13  14  16  18  21  25  36  44  46  47  48  49  52  53
54  57  60  66  69
07.11.08:  5  7  8  9  11  16  17  25  29  30  33  39  43  47  48  49
52  60  63  67
08.11.08:  7  9  10  13  14  17  19  26  34  43  44  48  50  52  57
59  60  61  63  66
09.11.08:  1  3  6  10  14  23  26  27  30  35  36  37  47  48  54
59  62  67  68  70
10.11.08:  1  3  4  8  13  16  17  27  34  35  37  39  41  43  44  51
52  60  63  70
11.11.08:  1  4  5  7  10  12  18  20  22  33  34  39  40  42  51  56
59  60  61  62
13.11.08:  3  6  10  19  23  28  30  34  36  43  46  50  53  56  58
62  64  65  66  68
14.11.08:  3  6  12  16  17  18  20  22  25  28  29  40  45  46  48
50  58  61  65  70
15.11.08:  1  4  7  10  12  17  18  27  30  32  34  38  42  49  52
53  58  60  61  66
16.11.08:  3  4  6  9  15  18  19  21  23  25  28  44  48  49  51  53
62  63  65  67
17.11.08:  3  18  23  24  26  35  38  41  42  45  48  48  50  53  54
55  57  62  64  65
18.11.08:  1  2  6  19  20  21  29  31  35  36  42  45  49  53  56
60  62  63  68  69
20.11.08:  2  9  11  13  15  17  20  25  30  34  40  43  55  60  61
63  64  65  68  70
21.11.08:  3  5  8  9  10  11  15  16  20  21  25  26  34  36  38  42
43  50  51  57
22.11.08:  3  4  6  9  14  20  22  27  33  35  40  45  50  59  61  63
64  65  68  69
23.11.08:  2  7  8  9  10  11  21  24  25  38  40  44  45  46  47  49
51  54  57  59
24.11.08:  2  3  12  13  14  16  20  21  24  25  28  33  38  39  41
46  47  50  64  67
25.11.08:  1  9  10  17  23  28  32  35  37  38  40  42  47  51  53
58  59  64  66  69
27.11.08:  5  9  10  11  12  14  17  21  31  35  36  39  43  46  50
52  53  58  65  70
28.11.08:  7  8  12  13  14  15  23  24  25  29  39  40  42  43  50
52  55  60  63  65
29.11.08:  1  5  7  14  15  16  22  24  29  32  45  51  53  55  56
60  61  63  64  69
30.11.08:  5  9  13  15  16  25  26  29  37  41  45  47  50  51  53
55  58  60  65  68
01.12.08:  2  7  13  14  21  22  24  31  43  45  47  50  51  52  59
60  62  63  69  70
02.12.08:  3  4  6  8  14  19  20  25  28  29  38  46  54  56  58  61
62  67  68  70
04.12.08:  8  12  13  22  23  24  30  33  38  39  40  41  47  49  51
52  57  60  62  69
05.12.08:  5  6  7  19  21  23  25  33  39  41  42  44  47  48  49
51  52  63  65  69
06.12.08:  3  4  10  18  20  23  36  37  39  42  46  50  51  55  56
59  60  67  68  69
07.12.08:  6  7  12  15  19  24  30  40  41  45  47  49  50  54  55
62  63  64  66  70
08.12.08:  2  5  12  13  19  25  32  34  35  36  37  39  42  44  53
55  57  61  63  70
09.12.08:  2  4  6  10  11  13  15  23  29  32  37  38  41  43  46
48  49  53  57  59
11.12.08:  1  3  7  8  11  13  21  22  24  29  34  36  39  41  43  56
57  60  62  70
12.12.08:  5  6  8  14  15  17  19  20  31  35  36  42  46  48  50
51  52  57  59  68
13.12.08:  1  4  5  11  15  22  33  43  46  47  49  51  52  54  55
58  62  66  67  70
14.12.08:  2  3  4  9  11  16  25  27  39  40  41  45  49  50  52  59
63  64  66  70
15.12.08:  1  7  15  22  23  24  32  34  36  39  40  41  43  44  50
51  53  58  59  60
16.12.08:  7  11  12  14  19  21  24  27  28  30  35  44  49  50  51
58  63  65  69  70
18.12.08:  6  13  14  20  27  29  31  32  36  37  38  42  48  49  53
54  55  56  63  69
19.12.08:  1  6  12  13  14  15  18  27  30  34  35  37  39  41  50
53  61  62  66  69
20.12.08:  1  5  7  11  15  16  17  25  28  29  30  31  36  40  42
43  55  60  62  68
21.12.08:  2  4  5  11  15  16  20  21  23  28  30  33  37  39  41
46  49  52  53  66
22.12.08:  1  2  4  17  19  29  31  33  37  40  41  42  44  55  57
59  62  65  69  70
15.11.08:  1  3  6  7  9  11  19  33  36  41  42  45  50  51  56  57
60  65  66  68
17.11.08:  5  7  13  14  16  26  32  34  36  42  46  49  50  53  55
60  62  65  67  70
18.11.08:  2  3  13  16  19  20  21  22  24  27  28  31  33  39  40
41  49  50  65  68
19.11.08:  1  5  8  10  13  18  24  25  29  33  34  36  45  46  50
60  62  63  66  70
20.19.08:  2  3  7  9  11  12  16  20  25  30  32  42  44  48  50  51
52  55  62  67
21.11.08:  7  13  14  17  21  31  33  38  40  45  51  52  55  56  57
60  64  66  67  69
22.11.08:  4  7  11  12  14  16  23  24  26  31  42  44  45  46  47
48  50  57  62  65
24.19.08:  3  5  6  8  9  18  21  25  26  38  44  48  50  58  59  61
62  64  65  69
25.19.08:  2  3  8  10  11  17  26  31  32  35  37  39  46  50  55
57  58  60  68  70
26.11.08:  1  2  4  5  8  12  16  17  26  29  33  36  45  46  50  58
59  64  66  70
04.01.08:  1  5  6  15  18  20  24  27  30  36  37  38  39  40  41
43  53  56  58  68
05.01.08:  2  6  9  13  16  19  21  23  26  33  34  35  41  42  43
46  53  57  65  69
06.01.08:  3  9  12  14  17  21  24  25  27  29  31  36  37  41  46
56  58  60  62  64
08.01.08:  2  13  16  17  24  26  27  31  34  35  42  49  52  54  55
64  66  68  69  70
09.01.08:  3  6  7  13  16  23  34  35  43  45  47  48  54  55  57
58  59  63  64  68
10.01.08:  2  4  7  9  12  16  18  21  22  27  29  34  43  44  48  50
55  57  63  68
11.01.08:  6  10  14  20  24  28  30  32  33  35  37  40  41  43  51
58  63  64  65  69
12.01.08:  3  7  8  12  13  15  16  17  18  19  20  32  41  45  49
56  58  61  66  67
13.01.08:  4  5  10  16  18  19  25  26  28  30  32  35  37  38  40
43  51  52  60  69
15.01.09:  2  5  6  9  11  14  19  23  25  30  35  37  39  41  44  52
57  60  64  65
16.01.09:  1  2  3  7  14  19  25  32  33  36  37  49  50  53  54  56
58  59  61  63
17.01.08:  2  9  11  15  16  17  19  21  26  29  37  38  43  45  46
53  55  61  64  69
18.01.08:  1  2  4  8  16  17  18  21  22  23  26  27  30  53  54  57
58  63  68  70
19.01.08:  5  8  10  13  18  28  30  36  37  41  42  45  46  48  52
56  58  62  67  68
20.01.08:  2  5  6  7  14  17  18  22  35  37  38  41  44  50  53  55
59  60  64  66
22.01.08:  3  6  7  12  18  20  21  27  28  29  31  33  34  38  58
59  63  64  65  70
23.01.08:  4  8  10  11  13  16  17  22  26  29  38  43  50  51  55
57  59  64  65  68
24.01.08:  4  7  10  13  17  26  30  32  38  40  41  42  44  47  48
49  51  52  64  69
25.01.08:  4  9  11  14  22  23  26  32  37  38  39  47  49  52  59
64  66  67  68  70
27.12.08:  2  4  7  10  16  24  26  32  33  35  37  39  45  46  49
54  58  62  64  69
29.01.08:  5  8  10  16  22  23  31  32  35  44  52  55  57  60  61
63  65  66  67  70
:  2  4  13  16  19  23  29  35  38  41  42  51  54  56  58  59  63
65  67  69
30.01.08:  3  4  11  13  20  23  24  25  29  31  35  37  40  44  49
51  54  55  56  57
31.01.08:  5  6  9  14  16  17  18  19  20  26  31  40  47  48  50
54  60  61  64  67
01.02.08:  6  7  8  9  18  21  23  27  28  30  31  32  35  37  46  47
48  56  60  66
02.02.08:  1  5  7  9  17  19  21  22  26  30  35  36  38  44  45  50
58  61  64  69
03.02.08:  1  2  3  4  5  15  23  29  33  35  36  37  40  53  54  58
61  62  63  67
05.02.08:  9  13  16  17  21  23  27  30  35  44  46  50  51  52  54
56  57  60  66  69
06.02.08:  3  6  8  11  21  22  27  33  35  42  44  45  47  49  50
51  60  61  69  70
07.02.09:  4  8  9  11  19  21  23  24  30  36  37  48  56  57  60
62  65  68  69  70
08.02.09:  8  13  15  19  20  22  24  29  33  39  41  42  44  52  54
55  58  60  63  67
09.02.09:  3  13  16  25  26  29  31  33  38  39  41  42  43  46  50
51  63  66  67  68
10.02.09:  5  8  11  13  15  18  19  21  23  27  33  36  37  46  48
57  60  64  66  69
12.02.09:  3  4  5  12  14  18  20  22  23  29  31  37  41  44  45
54  56  58  59  69
13.02.09:  2  5  6  9  15  18  19  21  23  26  30  33  39  40  42  48
50  53  54  62
14.02.09:  1  4  6  13  18  19  21  22  28  29  33  34  38  42  48
52  54  62  65  70
15.02.09:  3  6  7  11  25  26  28  32  34  35  41  54  56  59  60
62  63  64  66  68
16.02.09:  1  2  3  6  9  15  17  22  29  31  33  36  37  38  53  55
61  63  67  70
17.02.09:  4  5  9  12  14  21  22  23  25  29  35  36  37  41  52
55  58  60  64  70
19.02.09:  10  12  13  14  19  23  29  33  36  37  38  40  43  45  51
52  55  63  69  70
20.02.09:  3  8  9  10  12  21  24  27  29  32  33  38  42  44  48
54  55  61  65  70
21.02.09:  2  4  7  10  16  27  33  35  39  45  46  49  51  53  57
62  64  65  67  70
22.02.09:  4  7  11  12  13  22  23  27  28  37  43  44  49  56  57
59  62  64  67  68
23.02.09:  2  8  14  20  26  28  29  31  33  34  38  39  40  44  48
51  53  58  60  64
24.02.09:  2  4  5  9  11  12  18  19  25  30  32  33  35  36  39  45
47  51  52  62
26.02.09:  5  9  10  15  18  21  24  29  33  38  44  46  50  52  59
60  64  66  67  69
27.02.09:  5  8  11  12  15  16  17  23  25  28  30  33  38  46  53
60  64  66  68  69
28.02.09:  2  3  6  12  17  21  23  32  33  35  39  43  44  47  58
59  60  61  64  67
01.03.09:  2  6  7  10  12  16  19  24  25  33  34  35  36  37  38
52  62  64  65  66
02.03.09:  2  3  10  13  15  16  20  21  23  28  29  32  36  42  47
48  52  57  59  66
03.03.09:  6  8  13  14  16  24  25  28  29  31  33  35  36  38  39
49  51  58  60  68
05.03.09:  1  2  5  14  16  17  20  21  23  32  39  43  46  53  55
57  58  60  63  70
06.03.09:  7  10  20  23  26  29  30  32  36  38  39  42  45  47  48
53  55  57  64  67
07.03.09:  10  12  19  22  23  25  34  35  36  41  46  47  51  54  57
60  64  65  69  70
08.03.09:  2  4  11  12  13  19  20  21  22  25  33  35  44  45  46
49  54  66  68  69
09.03.09:  2  5  7  8  15  16  22  25  35  36  38  41  44  45  49  51
54  58  63  68
10.03.09:  2  4  6  12  15  16  19  21  23  24  26  27  29  42  44
45  47  50  53  70
12.03.09:  1  5  14  15  16  17  20  26  28  31  32  33  34  35  42
46  50  63  66  69
13.03.09:  10  11  13  22  26  33  36  39  40  41  43  45  48  54  55
56  61  62  68  70
14.03.09:  5  7  15  18  20  21  23  27  29  32  35  37  46  48  55
59  60  63  64  69
15.03.09:  6  8  10  12  16  25  27  38  39  42  43  48  51  55  56
59  62  64  67  70
16.03.09:  10  12  16  21  24  29  34  35  37  40  41  43  46  47  52
58  60  62  63  67
17.03.09:  5  10  14  16  17  19  22  29  36  39  42  44  45  49  52
56  58  61  63  69
19.03.09:  1  2  7  10  11  12  19  24  25  26  27  30  40  41  45
47  48  60  61  69
20.03.09:  2  3  5  7  9  16  20  23  24  27  29  30  32  35  39  40
54  57  65  69
21.03.09:  4  5  8  15  17  18  19  26  31  32  36  44  45  46  48
51  53  56  58  63
22.03.09:  4  8  11  14  15  21  26  28  31  32  35  37  41  45  49
53  54  63  65  66
23.03.09:  2  3  7  10  11  30  32  35  37  38  43  48  51  52  56
59  62  64  69  70
24.03.09:  3  7  10  14  19  26  29  32  33  34  36  40  41  49  58
62  63  64  66  70
26.03.09:  10  11  15  16  17  19  26  28  35  36  38  39  41  47  48
59  60  62  63  67
27.03.09:  11  13  17  28  29  32  33  35  39  40  41  45  48  51  55
56  57  65  66  67
28.03.09:  9  10  11  12  17  20  21  24  29  35  40  41  55  56  57
61  62  63  64  69
29.03.09:  5  10  12  15  19  20  21  23  31  34  38  40  41  45  47
52  54  56  59  63
30.03.09:  8  10  11  14  19  22  23  24  26  28  31  40  46  49  50
51  52  57  60  66
31.03.09:  2  3  4  9  13  16  19  24  36  37  42  43  44  47  56  57
64  65  69  70
02.04.09:  3  4  9  14  15  18  19  20  24  27  31  35  38  39  43
45  49  53  56  57
03.04.09:  3  4  5  18  23  30  33  34  36  41  42  43  47  49  53
61  62  64  67  69
04.04.09:  1  4  10  15  17  19  21  30  33  34  38  51  54  56  57
58  59  65  69  70
05.04.09:  4  9  13  18  20  22  23  28  29  30  31  38  41  43  44
46  54  64  67  69
06.04.09:  3  8  13  18  21  22  26  29  30  35  39  43  45  52  56
57  63  64  67  69
07.04.09:  1  5  6  13  14  18  19  21  25  32  37  39  44  45  47
58  59  61  65  70
09.04.09:  3  5  7  19  21  23  25  32  33  35  40  42  43  44  49
55  56  57  59  63
10.04.09:  4  7  11  21  23  24  27  29  33  36  38  39  46  48  52
54  55  59  69  70
11.04.09:  9  11  19  21  22  26  28  30  31  33  37  42  46  47  48
49  62  63  68  70
12.04.09:  2  3  4  6  8  14  23  26  30  33  37  38  43  47  50  55
57  61  68  70
13.04.09:  9  10  12  20  25  31  33  35  40  42  43  47  49  50  51
57  61  63  66  68
14.04.09:  2  8  14  18  28  32  38  39  45  47  49  52  55  56  61
63  64  65  66  70
16.04.09:  3  4  10  21  22  24  25  27  32  35  37  41  50  53  54
55  58  63  66  67
17.04.09:  3  4  7  13  16  17  20  24  35  36  37  39  40  41  42
45  53  55  60  66
18.04.09:  1  3  14  18  19  20  21  23  25  26  28  30  34  38  46
55  62  63  69  70
19.04.09:  1  7  16  17  33  36  38  39  42  43  44  45  48  51  57
58  61  62  69  70
20.04.09:  1  5  7  9  12  13  14  20  22  29  36  44  45  50  51  54
55  62  66  67
23.04.09:  1  4  6  10  15  21  22  23  24  30  34  38  40  45  47
50  54  61  62  68
24.04.09:  3  7  18  27  31  33  34  35  39  40  44  45  49  50  53
54  62  64  68  69
25.04.09:  5  6  9  11  26  27  28  31  35  38  40  42  44  53  56
57  59  62  66  69
26.04.09:  5  8  11  14  15  16  17  19  32  33  35  38  43  54  55
57  59  66  67  69
27.04.09:  3  4  6  14  15  22  28  31  33  34  35  38  39  40  41
44  46  47  52  68
30.04.09:  2  3  12  13  15  26  29  30  37  41  44  46  48  51  55
56  61  62  63  69
01.05.09:  1  4  5  8  9  13  19  30  32  34  42  43  45  51  60  61
63  65  66  67
02.05.09:  2  3  16  19  22  32  33  34  37  39  42  43  46  52  54
55  58  59  61  70
03.05.09:  8  11  12  13  18  21  26  31  33  36  39  41  42  53  54
56  58  63  66  68
04.05.09:  4  7  9  11  13  15  17  22  33  35  36  44  48  49  50
52  59  61  62  66
05.05.09:  6  8  9  12  18  24  27  28  32  34  36  37  44  48  56
57  60  61  63  70
07.05.09:  3  4  11  13  18  20  22  26  28  29  32  33  42  44  45
57  61  65  68  70
08.05.09:  2  3  4  10  12  17  20  22  27  39  41  42  46  47  49
54  59  66  67  68
09.05.09:  3  6  11  14  15  17  19  21  29  32  33  34  38  40  44
50  57  67  69  70
10.05.09:  7  13  17  18  21  24  30  33  34  40  41  42  47  49  59
60  63  64  69  70
11.05.09:  15  16  19  27  29  30  32  37  39  41  44  45  48  52  54
57  59  64  65  69
12.05.09:  3  4  6  9  11  13  14  16  17  19  21  25  31  34  40  42
49  51  58  68
14.05.09:  1  3  6  7  9  17  21  24  27  31  32  34  35  43  45  46
55  58  61  69
15.05.09:  1  2  4  8  10  14  17  21  24  25  36  42  43  44  47  50
52  56  59  66
16.05.09:  3  4  6  9  12  16  19  20  24  27  28  30  34  35  40  45
47  49  53  61
17.05.09:  6  8  9  19  20  23  25  26  28  29  36  43  45  48  53
59  62  66  68  69
18.05.09:  1  2  8  9  11  12  19  21  22  23  24  28  34  38  40  42
55  59  62  67
19.05.09:  9  10  15  16  18  21  28  34  35  41  42  44  49  57  58
60  62  63  68  70
21.05.09:  4  11  15  16  19  23  29  30  31  35  37  39  41  43  44
53  56  62  68  70
22.05.09:  1  6  9  10  12  15  22  25  26  29  30  42  43  44  50
52  54  63  68  69
23.05.09:  2  14  15  20  24  31  32  35  40  45  46  48  49  50  54
59  63  66  68  70
24.05.09:  5  10  13  15  16  20  22  25  26  40  43  44  47  48  49
53  55  59  67  70
25.05.09:  1  6  10  11  13  14  21  23  25  30  31  32  33  35  39
49  52  54  56  68
26.05.09:  3  4  7  9  10  15  16  17  20  23  38  43  44  46  48  57
59  60  64  70
28.05.09:  1  3  5  10  15  18  19  24  25  27  34  38  39  43  52
53  55  57  59  70
29.05.09:  3  4  7  10  11  12  18  19  27  29  31  34  39  40  42
51  54  58  61  62
30.05.09:  7  11  15  27  29  30  32  33  37  38  41  42  44  47  53
54  59  60  64  70
31.05.09:  5  6  11  17  18  22  25  32  33  35  41  43  44  48  49
51  57  63  65  68
01.06.09:  1  9  16  19  20  25  27  28  34  46  47  48  58  59  60
64  65  66  68  69
02.06.09:  4  13  14  18  19  20  22  24  27  29  30  35  36  38  40
45  49  51  67  69
04.06.09:  7  13  17  20  21  30  35  37  39  41  42  44  50  52  53
55  60  63  65  68
05.06.09:  7  10  19  20  33  36  37  39  40  43  44  45  46  47  52
53  57  59  63  69
06.06.09:  3  6  8  11  12  15  16  25  32  41  42  43  44  45  54
55  58  59  63  64
07.06.09:  3  5  7  10  19  23  24  29  31  33  34  40  43  48  57
58  61  63  65  69
08.06.09:  4  5  7  12  22  26  28  29  32  42  43  47  49  51  61
62  63  65  66  70
09.06.09:  1  3  8  9  12  26  29  30  31  36  40  42  47  48  59  61
62  65  67  70
11.06.09:  5  7  12  13  16  25  32  37  38  41  44  45  50  51  56
57  63  67  68  70
12.06.09:  4  8  10  15  18  20  27  30  38  40  43  44  47  48  53
55  57  63  64  70
13.06.09:  7  8  9  13  19  20  21  32  34  40  49  50  51  54  59
60  64  66  68  69
14.06.09:  1  2  6  7  8  10  14  20  26  33  35  43  45  46  48  49
52  59  60  68
15.06.09:  3  9  13  14  16  17  18  20  22  25  26  28  31  36  37
52  58  61  64  69
16.06.09:  1  2  3  6  12  17  18  24  27  32  40  43  45  47  48  50
52  54  60  63
18.06.09:  3  4  11  12  19  28  34  39  40  42  43  45  46  48  49
56  60  62  66  68
19.06.09:  2  10  11  12  13  18  21  22  29  33  34  35  40  43  47
50  55  58  62  63
20.06.09:  1  7  8  10  14  19  22  25  30  36  48  49  50  51  56
64  66  67  69  70
21.06.09:  1  4  10  12  15  16  29  30  31  34  36  37  42  44  45
48  59  63  67  70
22.06.09:  4  10  12  16  19  21  23  25  33  35  41  42  44  46  47
49  51  61  62  68
23.06.09:  1  3  4  7  13  21  23  25  30  31  36  39  45  48  53  54
58  62  69  70
25.06.09:  12  16  17  18  20  21  24  25  30  31  35  38  40  48  49
53  63  66  68  70
26.06.09:  4  8  9  16  24  30  36  37  38  41  44  45  48  50  51
56  57  59  60  69
27.06.09:  1  4  5  6  11  18  19  26  28  29  31  34  35  40  42  43
52  57  63  68
28.06.09:  2  10  11  13  14  18  20  22  38  41  48  50  51  55  56
57  58  61  62  63
29.06.09:  10  14  17  18  20  22  25  31  32  38  39  43  45  46  50
51  62  63  64  69
30.06.09:  7  9  13  16  17  18  21  22  27  29  35  38  39  49  51
52  57  59  63  69
02.07.09:  2  4  5  6  8  13  19  25  31  32  34  36  37  40  48  54
55  58  59  65
03.07.09:  6  9  14  16  18  19  20  30  32  36  47  48  49  51  52
56  58  60  61  65
04.07.09:  3  8  9  13  14  15  23  24  30  32  35  37  48  49  50
51  58  65  67  68
05.07.09:  1  2  4  5  10  13  20  25  26  30  45  48  51  52  54  55
57  59  66  67
06.07.09:  1  2  10  15  16  19  20  23  35  36  39  40  44  45  50
52  53  56  68  69
07.07.09:  6  19  23  25  28  31  33  36  37  38  40  41  42  52  53
60  64  65  66  70
09.07.09:  2  3  5  6  9  10  12  16  21  28  36  38  46  51  52  53
60  63  66  69
10.07.09:  4  5  7  8  9  21  23  25  26  37  40  43  45  47  48  51
54  59  67  68
11.07.09:  1  4  7  9  11  19  22  24  29  36  38  45  46  48  50  52
63  65  66  67
12.07.09:  6  10  18  21  22  25  31  32  33  37  39  40  43  58  59
60  62  64  67  70
13.07.09:  13  15  16  17  26  29  30  42  44  45  46  51  52  56  60
63  66  67  69  70
14.07.09:  1  3  4  5  6  8  28  34  35  40  43  44  48  49  50  58
61  68  69  70
16.07.09:  1  7  10  12  19  25  31  34  35  37  39  42  43  47  55
56  64  65  67  69
:  0  0  0  0  0  0  0  0  0  0  0  0  0  0  0  0  0  0  0  0
17.07.09:  7  8  18  19  21  26  33  34  35  36  38  41  43  45  48
56  57  62  63  68
18.07.09:  1  2  5  14  17  23  31  33  36  41  45  47  49  56  60
61  64  67  68  69
19.07.09:  4  12  15  19  20  21  22  24  26  33  35  40  44  45  46
47  48  53  65  70
20.07.09:  1  2  10  11  16  17  23  24  25  26  30  36  40  41  42
45  49  50  51  66
21.07.09:  7  14  17  18  22  27  37  40  42  46  48  52  54  55  57
58  61  62  65  67
23.07.09:  7  11  12  13  16  18  22  23  25  27  28  36  39  42  55
57  61  62  65  69
24.07.09:  3  6  11  16  23  26  29  30  31  32  35  42  45  48  51
59  60  66  68  70
25.07.09:  1  2  5  14  15  18  24  26  29  30  38  44  47  50  55
58  62  63  65  70
26.07.09:  1  4  7  9  14  22  25  29  32  35  43  47  48  55  57  61
62  65  67  68
27.07.09:  2  3  7  9  13  20  28  31  32  33  34  35  38  39  41  51
53  55  58  60
28.07.09:  9  13  17  18  19  21  26  27  29  38  41  42  45  48  49
52  59  66  68  69
30.07.09:  1  2  4  7  10  11  16  27  29  32  33  41  46  47  50  51
60  61  64  67
31.07.09:  4  7  9  12  15  17  18  22  26  31  32  33  49  50  51
53  54  59  64  66
01.08.09:  4  6  11  12  21  22  31  39  41  44  48  53  55  58  59
61  64  65  66  70
02.08.09:  1  4  5  7  8  10  22  24  25  43  48  52  54  56  57  58
59  61  69  70
03.08.09:  3  8  12  13  17  19  20  27  30  39  40  43  49  50  51
53  58  61  65  68
04.08.09:  3  6  10  11  12  13  16  25  26  28  30  34  36  47  49
51  63  65  67  69
06.08.09:  8  9  12  14  16  21  23  25  39  42  43  46  48  53  55
58  60  68  69  70
07.08.09:  2  5  24  32  34  35  36  37  38  39  40  45  46  48  55
62  64  65  67  70
08.08.09:  1  3  6  8  10  11  13  15  19  26  29  31  33  38  42  44
49  61  62  65
09.08.09:  4  6  8  12  13  20  24  34  39  42  44  48  53  61  62
66  67  68  69  70
10.08.09:  5  6  10  12  17  20  25  32  38  47  53  54  55  56  57
58  62  64  65  69
11.08.09:  2  5  7  8  12  14  16  22  24  34  36  40  44  48  49  52
59  61  69  70
13.08.09:  2  9  21  22  25  28  29  30  32  34  43  51  52  56  60
62  63  65  66  68
14.08.09:  2  3  4  6  15  16  21  26  30  31  39  46  47  55  57  61
62  64  65  67
15.08.09:  6  7  8  9  20  24  30  31  33  34  39  43  44  46  53  60
65  67  68  70
16.08.09:  2  9  11  14  15  16  20  23  24  26  28  30  43  45  46
50  56  64  68  70
17.08.09:  2  3  12  16  21  27  31  33  36  38  42  43  45  48  52
58  59  63  64  65
18.08.09:  6  7  12  17  21  22  23  28  32  38  39  41  43  44  45
49  52  56  67  68
20.08.09:  2  4  7  8  9  12  13  17  20  21  22  29  32  35  37  38
41  54  56  67
21.08.09:  6  8  11  13  25  26  28  30  31  37  38  39  40  44  46
47  50  51  61  66
22.08.09:  15  18  21  22  25  27  28  30  32  34  37  39  43  44  48
50  57  58  66  68
23.08.09:  2  4  10  11  16  18  20  22  27  30  33  41  44  49  51
56  58  61  67  69
24.08.09:  1  2  3  5  6  7  10  14  15  17  21  22  23  32  39  45
46  52  62  69
25.08.09:  4  12  18  19  21  23  28  30  37  38  40  45  47  53  56
59  60  62  64  69
27.08.09:  2  3  4  8  10  13  14  16  18  21  25  32  34  37  50  53
54  64  69  70
28.08.09:  3  20  22  25  28  29  37  38  39  42  46  50  52  55  56
58  63  64  66  70
29.08.09:  5  9  13  15  23  26  37  38  40  42  45  46  50  56  57
59  61  62  65  66
30.08.09:  1  9  15  16  18  19  26  30  31  32  33  38  44  46  47
49  56  64  68  69
31.08.09:  6  9  15  16  18  21  23  27  32  37  38  42  44  49  55
57  58  60  67  68
2.15.10:  1  2  8  9  11  18  21  22  24  33  36  41  43  46  51  52
54  57  65  70
03.09.09:  6  28  29  30  32  34  37  38  39  40  49  52  56  59  60
61  63  67  68  70
04.09.09:  4  5  11  14  17  19  23  27  31  42  43  46  50  51  52
53  55  62  64  67
05.09.09:  6  7  8  9  14  18  23  27  28  30  35  39  40  49  52  55
56  64  66  70
06.09.09:  2  4  10  13  22  24  29  37  42  47  49  50  53  54  62
65  66  68  69  70
02. 06. 2215.10:  2  4  5  7  8  15  17  18  19  31  36  47  50  51  52  57
60  62  69  70

SelMcKenzie=AE    SelWave=AE    BettingTrader=AE    Zenkert=AE