mjug # qn.pgd-pxwwfgvca.ea@0:0812/879.08 meinte am =
07.11.99
zum Thema "Re: Boersencrash 1929 revival?":


100 Jahre Boersengeschichte

Jahr    S&P500                          Dow-Jones-Industrial

        Hoch    Tief    Rueckgang       Hoch    Tief =
   Rueckgang

1871            4,64
1881    6,58
1885            4,24    28%
1887    5,9
1893            4,08    31
1897                                            38,85
1899                                    77,6
1900                                            53,5 =
   31%
1901    8,5                             78,3
1903            6,26    26                      43,2 =
   45
1906    10,03                           103
1907            6,25    38                      53 =
     48
1909    10,3                            100,5
1914            7,35    29                      53,2 =
   47
1916-18 10,21                           110,2
1917            6,8     33                      73,4 =
   33
1919    9,51                            119,6
1921            6,45    32                      63,9 =
   47
1929    31,92                           381
1932            4,4     86                      41,2 =
   89
1937    18,68                           197,4
1938            8,5     55                      99 =
     50
1939    13,23                           158
1942            7,47    44                      92,9 =
   41
1946    19,25                           212,5
1949            13,55   30                      161,2 =
  24
1952    26,6                            292
1952-53         22,7    15                      256 =
    13
1956    49,7                            521
1957            39      24                      420 =
    20
1961    76,7                            735
1962            54,8    29                      536 =
    27
1966-68 108,4                           995
1970            69,3    36                      631 =
    37
Anfang
1972       100                             900

Quelle: P.Paulstich "Intelligent Investieren" v.1973


 /orsten

FIDO:   0:2676/598.08
e-Mail: gxvk@quwusp.el-dyshzq.yv