Michel Ullman schrieb in Nachricht <870gx8q6.57529490@yiqb>...
   Kauf Kurs  	

714 Billing Concepts   568941    21,00   16,30    11.638,20    -3.355,80    -22,4%
263 Blumodan        014263    76,00    74,50    19.593,50       -404,50    -2,0%
212 TIMB            270274     47,20     28,70    6.084,40      -3.921,60  -39,2%
200 RDNB                806752   72,40      65,00   13.000,00     -1.479,30  -10,2%

    Aktien 50.316,10 	

    Cash 35.222,10 	


 Gesamt                                          85.538,20