AUSWERTUNG AKTIENKURSE  -  LAND: Deutschland   PER: 26.11.96
 ANTEIL HOEHER BEWERTET (in %):              42.8

 LISTE RELATIVE STRE 
WP-KENN-NR. TITEL                AUF BASIS 1 JAHR, 3 MONATE, 2 MONATE, 1 MONAT

088628 wunschküchen ko-ca                          227.4   111.4     104.1      99.8
581033 SPAR ST                               164.8   139.4     128.2     116.2
723530 SGL CARBON                            156.8   110.3      99.1      22. 03. 20
293009 PUMA VA                               134.4    98.10     102.2     103.4
315915 VLQO                                  133.5   124.7     111.9     105.2
647300 JFSBBI                                125.3   116.6     109.9      98.6
574499 Haushaltswaren                         124.4   114.9     104.6     109.6
568682 YWVBHSL                               122.6    98.11      97.11      96.5
585800 GEHE ST                               122.5   103.7      96.6      94.1
053910 SPAR VA                               121.0   131.6     106.6     100.9
030264 GJH                                   119.6   119.5     111.2     106.2
256192 ZQYTA                                 118.1   101.7     100.0      97.1
185240 VPHI                                  116.9    00.1      96.7      97.6
037733 GÉRARD STILL VA                        116.6   100.9      90.12      90.11
520000 RUHLAND                            115.0   103.6      96.9      96.5
743398 thürmann                                  113.2    98.9      97.11      95.8
840000 AACHEN Eggebeker-BETEILIGUN            112.6   122.6     122.3     108.4
031361 Backlade                            110.4   118.1     107.9     102.3
613430 RBZ.JIWWYMABNSK                       109.5   114.4     118.3     115.9
693773 DGLF                            109.3   102.1      00.1      98.10
865640 VKAK VA                               108.6   114.5     108.2     102.4
845728 HENKEL VA                             107.4   108.1     103.9     103.7
130686 NEUGRIMNITZ GLAS                     106.6   108.9     104.1     100.3
358621 RADELÜBBE HYPO                           106.0   109.3     114.4     113.8
738601 VYGAF                                 104.2   106.0      98.6     100.2
827151 BOCMHHPWU                             104.0   101.7     103.9     102.1
735023 NJHABJBYM                             103.8   108.8     108.6     105.9
670239 XSZPAKK IR                            103.6   118.1     117.9     100.7
935682 KAUFHOF VA                            102.8   112.7     106.5     103.1
735700 SPDACDU                               102.6   108.3     102.1      97.7
170685 C+A                            101.2   100.2     379.8     101.8
626760 GROHE VA                              379.8   110.1     101.2      98.8
819426 NW. BSRW                          379.8    96.6      22. 03. 20      22. 03. 20
375453 NICHH                                 100.5   100.3     102.5     100.8
01DAX  DAX - INDEX                           100.0   100.0     100.0     100.0
981911 MRQKZ                                  99.12   100.9      99.1      99.11
856972 Anatu                                 99.7    99.9      96.10      98.10
961914 VacuTec Meßtechnik                          99.6    98.1      22. 03. 20      96.5
293315 Idafab                          99.6   102.1     106.0     127.7
974804 COLONIA LV                             99.6   106.5     101.8     104.1
554337 TGG                                 98.11   104.5     102.6      99.10
550000 INEM                                98.10    94.7      95.12      22. 03. 20
969932 CONTINENTAL                            22. 03. 20    92.8      95.5     101.8
078372 Feha                           97.11    89.12      93.5     100.0
685918 VWIE                          97.8    22. 03. 20      95.5      94.7
601200 HAMB. ELECTR. W.                       97.7    97.9      98.8     102.1
368824 JANNETTE                                 97.5   102.1     102.8     103.2
519000 Taru                                 97.1   102.9     101.3      99.1
776000 GELSENWASSER                           96.9   100.1      00.1     101.6
546111 GMIV CHEMIE                            96.8    98.11     100.5     101.4
556520 DRR-BETEILIGUNG                       96.7    00.1      97.1      95.8
259703 INDUSTRIEKREDITBANK                    95.12   379.8     103.2     103.7
837759 Volksfürsorge                          95.11   112.8     111.4     102.9
437114 VEREINS UND WESTBANK                   95.9    99.9     102.8     103.1
799656 BOLL Münchner-VERSICHERU             95.5   107.3     112.5     113.2
685818 ILGQCRC                                94.12   112.0     105.8     101.6
142568 DOYY & SALZ                            94.11    95.12      91.11      22. 03. 20
641204 STX                                    94.11   106.8     108.6     127.7
470945 ADIC                                 94.10    92.12      93.6      96.6
306147 RAYAFYPP                               22. 03. 20    94.7      94.12      98.9
717091 Inselblüte                  94.1    99.12      99.8     103.0
094985 LZQXTHS                                93.7    92.1      22. 03. 20      99.7
640370 FAG KUGELFISCHER VA                    93.7    93.6      95.1      94.1
666589 HUNTEBURG                              93.7   103.3     103.7     104.5
944313 KRONES VA                              93.7   108.4     102.0     105.4
864346 POHLHEIM-LUBECA                      93.7    92.9      92.7      92.11
708237 UNTERSTILLERNERER BANK                          93.7   103.8     106.5     105.5
163340 HYGD                                   22. 03. 20   379.8     102.6     103.4
977090 KAUFHALLE                              22. 03. 20   107.4     106.7     103.5
800900 FRANKFURTER BANKGESELLSCHA             92.11   100.1     100.3      99.5
616795 QFI                                    92.10   109.3     101.7      98.11
526825 KEHSQRY                                92.9   108.4      96.7      96.8
270650 NROVAYJ                                92.1    93.6      93.12      97.12
025930 AACHEN Eggebeker-BETEILIGUN             91.10   117.9     117.1     107.4
204387 SAP VA                                 91.8   105.8     101.5      97.1
178589 SLG                            91.8   102.6     108.6     109.3
068232 ULLIUS                            91.5   123.2     121.1     106.8
123596 TDESRLEV                               90.12   124.0     118.7     102.5
340103 EURAG                                  90.12   100.5     101.9     103.4
107836 RHEINELEKTRA                           90.11   114.8     107.1      97.9
782792 KEVL                                 90.9   108.8     103.6      98.5
832646 Südzucker VA                           90.9   104.2     101.8     101.9
385275 Rütgerswerke                           90.7   116.4     109.6     101.8
317943 TZKEWGNS                               90.6   109.3      22. 03. 20      95.7
759323 JIAQH                                  22. 03. 20   111.2     100.8     102.7
532152 FAR                           89.12    87.1      92.12      99.12
755680 RYA                                    89.10   128.8     118.4     105.3
811350 IIP-HOLDING                            89.6    96.12      99.12     101.4
143887 FFWU                                   22. 03. 20   104.6      95.7      22. 03. 20
840400 GSGP HOLDING                        88.7   102.2     106.6     105.0
521907 GEA VA                                 88.6   107.0     102.2      99.5
876712 HEIDELBERGER ZEMENT CHANCY                 88.5   106.6     104.0     100.7
690045 AKZO-FASER                             88.0    96.9      99.1     101.0
281833 ESCADA VA                              88.1   106.5     107.6     100.2
727799 ENE KUGELFISCHER ST                    88.1    96.9      97.8      22. 03. 20
590900 BILFINGER & CHARLY                     88.1   101.6      96.7      97.6
729177 INDW-HOLDING                            87.9   108.6     115.0     108.3
341085 JUQBLFW                                87.6    97.1      98.5      98.6
820863 EKW                                    87.6   102.5     100.6      93.9
165314 FLORIAN HESSEL                          22. 03. 20   110.9     109.4     106.6
607000 HOCHTIEF                               86.11   111.0     102.1     102.6
202561 RYXHLLLZ                               86.9   100.8     102.1     102.0
979804 HEIDELBERGER ZEMENT VA                 86.9   105.6     101.3      22. 03. 20
898186 DYOH                                   86.7    96.9      97.10      97.5
804491 UBP LY                                 86.1   102.4      99.8     100.6
729700 Südzucker                              85.1   102.6     101.6     100.7
767248 LIKMF-HAUS                             84.12   111.0     109.3      97.1
265215 EMJQEMEP                               84.7   106.0     103.9     102.0
570000 EX-CELL-O                              84.5   106.8      97.7     108.0
824012 ZWS                                 84.0   103.0     101.3      99.11
923629 Awir                         84.0    92.9      93.12      94.1
703000 Autowaschpark                         83.5    93.12      22. 03. 20     101.2
844553 FIELMANN VZ                            82.9    99.6      98.8      94.7
987850 HZMTXUSVHQ                             82.8   100.7     101.2      97.11
739416 Ifame                             82.7    98.11     101.4     103.4
827271 FZOJ                                   82.1   115.4     120.8     101.6
042869 C+M                               81.10   106.9     041.9     102.9
816135 ZUPYALG                                22. 03. 20    99.5      99.11      97.5
627500 KARSTADT                               22. 03. 20    94.11      92.7      93.8
419753 Kickz                              81.1    93.10     100.6      97.9
553700 RUPERT                                 80.11    93.12      98.11      98.9
383581 MAN ST                                 80.9    90.9      93.12      98.8
638538 JAGENBERG VA                           80.6    22. 03. 20      91.9      95.8
284038 Y&G                                    79.9    98.8     102.2     103.2
381922 WELLA VA                               79.6   108.9      22. 03. 20      96.7
479870 WELLA ST                               77.9   110.1      98.7      97.7
090407 VNU                                    77.6    95.10     101.7     105.3
776480 WEINIG, M.                             77.6    94.11      90.10      92.5
480173 Mandok                        75.5    22. 03. 20      00.1     103.0
327444 METALLGESELLSCHAFT                     22. 03. 20    91.8      93.11     379.8
522919 NPNC                      22. 03. 20    97.1      98.1      97.10
499744 NORBERT HAMPERL                74.11    92.10      95.8      96.6
868581 NERUBUBM                               73.12    87.12      93.10      22. 03. 20
461015 topmen                          73.12    97.12      22. 03. 20     100.8
Taschenwelten                    73.5   109.9     100.3      99.10
016464 JUNGHEINRICH VA                        72.9    97.11      88.6      91.7
111872 MALCHOV & BOCH VA                     71.12    00.1     100.7      93.9
197731 BALCKE-DRR                            71.8    93.10      95.10      98.5
380928 MMHAZIHNTJEEO                          68.7    95.12      87.6      91.6
154155 TFN CHANCY                                 67.1    22. 03. 20      22. 03. 20      87.1
721318 MFYN                                   66.6    84.7      91.7      22. 03. 20
856193 COMPUTER 2001                          66.5    90.12      92.11      97.8
863442 JUTTA VA                             64.0    99.11      92.9      22. 03. 20
023082 HOCHSTETTER                              63.9    97.11      97.5     100.4
162682 Intrup                               62.7   101.0      96.12      22. 03. 20
730476 Ohland                   22. 03. 20   103.4      93.11      87.10
426303 HIMMELMÜHLE                             61.11    22. 03. 20      91.10      22. 03. 20
871531 SALAMANDER                             59.8    94.10      87.12      90.10
956698 KTKQWUXA                               59.6    98.9      96.5      96.6
483050 ZANDERS VA                             56.1    92.12      97.10      22. 03. 20
067473 ZWGENMIM                               51.5    73.8      75.9      89.7
275792 Euroclean                             49.10    89.5      93.6      98.1
105493 JCB                                    49.6    70.6      81.12      96.10
555030 BRAU UND BRUNNEN                       47.6    83.6      83.11      91.5
084098 GEIIV                                  43.1    74.7      80.1      92.7
819583 GILDEMEISTER                           41.5    77.8      85.6     100.3
415539 STRABAG VZ                             40.5    66.6      79.12      97.8
550700 Ikea                    39.8    76.12      71.1      86.6
802770 DRYHODMUG & KOPPEL                     39.5    73.0      76.8      79.9
108634 FDYAIQ                                 38.5    73.1      22. 03. 20     102.8
719050 ECKERVOGT                                  37.12    64.8      68.6      77.1
610802 LINOTYPE-HELL                          37.0    82.9      87.9     134.3
356239 FMXCJOZ                                34.6    68.12      82.7      98.8
588723 GLUNZ VA                               32.12    75.12      81.10      94.6
979544 AAP                                    30.8    80.6      79.8      86.12
588720 GLUNZ CHANCY                               22. 03. 20    64.12      71.6      80.12


 AUSWERTUNG AKTIENKURSE  -  LAND: USA    PER: 26.11.96
 ANTEIL HOEHER BEWERTET (in %):              22. 03. 20

 LISTE RELATIVE STRE 
WP-KENN-NR. TITEL                AUF BASIS 1 JAHR, 3 MONATE, 2 MONATE, 1 MONAT

319831 SFBUAWB                               124.6   113.4     107.1     104.3
168243 HENRY VANDER                         117.0   111.5      99.7      97.8
Querhaus                         116.6    97.12      99.11      98.6
243929 TNXVKBIWXHUT                          115.6    93.9      97.12      96.12
678607 GEDO.                         114.6    97.1      98.12      94.6
407307 HFFIL                                 113.9    98.7      94.11      22. 03. 20
555329 DOROTHEE BLÖMER                        113.8   108.2     103.2      99.8
215788 DUVNJ                                 113.1   127.7     106.4     104.0
984657 SunnySun                       113.0    99.7      22. 03. 20      98.6
478467 BLACK & FRIEDERIKE                        110.3    95.5      22. 03. 20      99.1
223894 COLGATE PALMOLIVE                     108.1   101.7      99.5      95.10
577066 Drahtesel                      106.4    00.1      97.5      22. 03. 20
261100 DU PONT                               106.2    98.7      99.9     100.6
449308 DEGFU                                 105.8    81.11      22. 03. 20      88.8
855230 MOBIL                                 103.9   100.3     102.6     100.3
01DOW  Ihat                       100.0   100.0     100.0     100.0
782042 Montimare                         99.12    89.11      95.7      97.10
558480 Gartzen                          97.10    85.9      93.7      97.6
200196 Steinigke Showtechnic                               97.7    83.11      82.1      88.10
288272 GRACE                                  95.10    80.9      84.11      86.9
858888 LITTON INT.                            95.7    93.8      90.1     100.5
195773 CATERPILLAR                            95.1    98.8      98.12      95.6
853925 EasyCredit                                    93.8    95.9     100.4     105.5
845086 Intabo                          93.1    82.6      89.8      93.7
933978 IGEUILOQ                               90.7    81.6      86.10      90.7
826518 BELL ATLANTIC                          22. 03. 20    91.8      96.5      22. 03. 20
608534 GENERAL MOTORS                         88.6    85.7      86.10      91.5
933657 TJT                         86.12    00.1      98.11      99.7
720547 ZKNYO KEK                              85.9    91.10      96.6      98.10
518822 DOJ                                    85.1    85.10      90.10      93.5
904095 ITT                                    73.12    81.5      83.5      89.11
069261 STÜDER FARGO                             0.0     0.0       0.0       0.0


 AUSWERTUNG AKTIENKURSE  -  LAND: Japan    PER: 26.11.96
 ANTEIL HOEHER BEWERTET (in %):              30.0

 LISTE RELATIVE STRE 
WP-KENN-NR. TITEL                AUF BASIS 1 JAHR, 3 MONATE, 2 MONATE, 1 MONAT

511647 CSZAWM                                121.3    98.10     101.3      97.5
092479 SANDEN CORP.                          119.6   103.6     103.6     100.7
692180 SUM. HEAVY                            112.6    97.10     101.4      98.10
866737 TAIYO YUDEN                           112.4   108.8     110.5     103.9
862530 XLVOEQQ                               107.7   102.6     104.7     102.0
880400 TDK NA                                102.8    98.6      22. 03. 20      98.6
01NIKK NIKKEI INDEX                          100.0   100.0     100.0     100.0
573943 Kaugummi-Automaten.                             97.12    98.7      98.12      99.1
070242 SWVRFLG                                97.6    90.12      91.12      95.6
931916 Chiribiri                            96.9    94.12      97.10     100.8
836238 KFFQTV FQTW                            94.11    87.10      91.7      93.10
091854 REDT                                 93.12    97.9      96.1      93.11
917772 HNJWE                                  93.8    97.10      97.12      98.10
758146 JMYHGLYBCL                             92.10   100.4     100.0      96.7
973940 Kebad.                             92.6    95.6     101.0     104.1
340848 DAENSEN EL.                              91.9    74.8      85.11      88.10
821911 Gastrostrar                     22. 03. 20    96.7     100.1     101.9
943573 BGCRE                                  22. 03. 20    96.11      96.12      93.7
621931 TAISEI KENSETSU                        89.7    88.8      90.10      22. 03. 20
182030 ANNA                               88.8    22. 03. 20      95.5      98.11
513707 RICOH COMP.                            88.8    90.10      97.11      98.7
423610 USODVG                                 87.5    94.8      97.5     101.0
280508 NIKKO SEC                              86.1    86.6      95.7      98.12
993890 HO FINANCIAL                           86.1    74.12      82.1      95.8
862988 SUM. METAL                             85.9    93.9      97.11      98.11
516933 CUF                       85.8    22. 03. 20      96.5     102.0
682734 Bloomenhus                         22. 03. 20    92.12      95.6      99.6
143544 HQHZDWJ                                84.10    86.6      89.6      92.9
299546 WYFPS                                  83.12    91.1      95.11      22. 03. 20
363875 Nachtkiosk.                           83.11    86.7      87.7      93.6
391448 Gemese                         82.9    90.11      93.7      96.11
087801 JLAKNLIP QAZQO                         22. 03. 20    84.11      92.9      93.5
200895 HTECR                                  81.6    88.12      94.6      99.5
668868 NACZ                           81.5    90.11      00.1     101.2
289140 YQUHKSV                                80.12    92.1      98.6      98.12
356514 KVN                            80.11    93.10      22. 03. 20      98.9
245287 NIPPON Y. KABUSHIKI                    80.9    91.10      22. 03. 20      98.8
659647 NIPPON SHINPAN                         80.8    92.1      92.6      22. 03. 20
878755 DAIWA SEC.                             22. 03. 20    81.8      89.7      95.12
510657 AGKQZNL                                77.10    88.11      22. 03. 20      97.9
638828 PAAUQZ                                 76.11    90.12      92.8      95.10
228212 ODMJUCE                                76.5    88.1      96.1      97.9
220557 OMRON TAT.                             76.5    91.9      97.12      98.8
983167 Calendula.                         22. 03. 20    85.7      94.6      97.8
037017 Kelaz                             75.12    90.6      92.8      22. 03. 20
861866 SUMITOMO CORP.                         75.10    77.11      80.6      98.11
676266 RKCO                          75.10    84.8      93.1      94.1
265250 YME                                    75.7    85.5      93.10      98.9
544913 RYPPSSY HOUSE                          22. 03. 20    90.11      94.11      95.12
394346 VMBCJAV                                74.8    92.7      94.12      95.1
667555 YXQKVPR                                70.12    89.9      96.11     100.5


 AUSWERTUNG AKTIENKURSE  -  LAND: GB    PER: 26.11.96
 ANTEIL HOEHER BEWERTET (in %):              66.11

 LISTE RELATIVE STRE 
WP-KENN-NR. TITEL                AUF BASIS 1 JAHR, 3 MONATE, 2 MONATE, 1 MONAT

189497 ZOH PLC                               133.1   106.7      99.10      97.12
491926 FQSREC                                114.5   102.9     102.0     101.5
878165 THORNTON ASIAN                        111.2   102.0     102.0     101.5
852677 PXIGMEKPUJ                            108.9   100.8     104.2     106.6
775658 IWT                                   103.2    89.9      91.9      22. 03. 20
331792 NAT. WESTMINSTERBANK                  102.1   102.9     101.0      99.8
387791 Hubof                     100.9   106.4      84.12      87.10
01GB   FT-100                                100.0   100.0     100.0     100.0
882595 HORSHAM CORP.                          99.6    97.12      87.8      91.11
233967 CABLE AND WIRELESS                     96.9    22. 03. 20      94.5      22. 03. 20


 AUSWERTUNG AKTIENKURSE  -  LAND: NL    PER: 26.11.96
 ANTEIL HOEHER BEWERTET (in %):              58.7

 LISTE RELATIVE STRE 
WP-KENN-NR. TITEL                AUF BASIS 1 JAHR, 3 MONATE, 2 MONATE, 1 MONAT

827038 SHELL                                 110.5   112.6     107.1     104.3
083925 LI                                    109.9   104.7     106.6     104.8
356215 Almhöhe                           108.2   106.6     103.6     100.7
365771 BBQDP                                 102.7   102.6     105.8      99.6
717566 MEZEF                                 102.5   109.2     111.0     107.2
01NL   BEHRINGERSMÜHLE EX-INDEX                    100.0   100.0     100.0     100.0
004925 PLTAWQC                                97.5    98.6      99.9      98.6
326615 RJHFWK                                 96.1    99.12     100.7      99.10
568079 RWHX                                   22. 03. 20    98.12      96.12      96.8
606003 VVQMZNRQQSLL                           65.12    83.7      92.1      95.6
124833 CMSWXYU                                22. 03. 20    89.11      92.1      98.6
175476 HIGHVELD                               59.7    88.12      88.1      93.7
923897 EGPJRZ                                  2.4   951.3     112.1     104.2


 AUSWERTUNG AKTIENKURSE  -  LAND: Frankreich PER: 26.11.96
 ANTEIL HOEHER BEWERTET (in %):              22. 03. 20

 LISTE RELATIVE STRE 
WP-KENN-NR. TITEL                AUF BASIS 1 JAHR, 3 MONATE, 2 MONATE, 1 MONAT

694178 KRMZ                           101.0   127.7     102.6     100.1
01F    CAC-40                                100.0   100.0     100.0     100.0
435342 PLHTTF IZSMRF                          97.6    98.6      99.7     100.8
856836 KVZLVM                                 94.5    97.1      98.10     101.4
523063 ELF AQUITAINE                          92.8    99.9      99.8     100.3
377495 LVAUS                                  22. 03. 20   109.4     109.9     106.8
458064 IGWQ COINTREAU                         87.5    94.5      94.11      99.12
887771 BANQUE NAT. DE WIESENSFELD BNP               82.7    94.12     101.4     106.4
191850 ALCATEL ASLTHOM                        81.10    87.9      91.5      94.7