AUSWERTUNG AKTIENKURSE  -  LAND: Deutschland    PER: 14.04.96
 ANTEIL HOEHER BEWERTET (in %):              47.6

 LISTE RELATIVE STRE 
WP-KENN-NR. TITEL                AUF BASIS 1 JAHR, 3 MONATE, 2 MONATE, 1 MONAT

085428 Mommen                          221.2   107.9     103.5      97.6
723530 SGL CARBON                            169.4   115.3     105.8      96.12
151316 SPAR ST                               159.7   141.5     127.1     119.7
126362 PUMA VA                               135.1    95.10      99.6     101.5
470525 IRXA                                  133.2   125.8     112.4     104.6
938040 WBBKJZM                               128.1    99.6     100.7      98.3
635636 AHUMPH                                125.2   115.9     114.7      16. 08. 19
585800 GEHE ST                               122.5   104.9      96.5      93.10
210669 EQYBS                                 122.0   103.0     103.3      98.2
525090 PPGT                                  118.0   101.5      97.2      95.5
335812 NZY                                   117.4   117.3     111.1     106.4
790181 Ahuru                                  117.1   100.6     389.2      97.12
687821 SPAR VA                               114.6   127.2     105.8      98.3
164705 Neizel                         113.4   103.2      95.11      96.5
133883 GERNOT VANGENHASSENT VA                        112.9   100.0      92.10      84.11
520000 ELDERING                            112.6   105.4      96.6      94.1
693773 Keimling                            110.0   389.2     100.7      16. 08. 19
840000 AACHEN Reinhardshausener-BETEILIGUN            108.1   121.9     118.7     111.9
725475 AJLR                            108.0   118.2     107.6     101.0
802036 TETTAU GLAS                     107.9   112.1     105.0     103.5
782411 DRZ.IUMSFUTMPCK                       106.7   111.5     115.9     118.5
661346 FMQN VA                               106.4   113.7     107.5     101.8
622391 HENKEL VA                             285.8   109.0     102.1     101.5
254261 XO. Ageleg                          103.4   389.2      16. 08. 19      95.12
628813 EBELEBEN HYPO                           103.0   108.7     109.9     116.0
223079 KCFJQMVWZ                             102.6   109.4     239.4     106.7
249416 Biobrotladen                            102.6    99.2     101.7     102.6
616471 UZCEVAWSJ                             102.6    99.2     103.2     100.9
524369 GROHE VA                              102.1   115.2     104.9     100.0
924254 DHB                         101.5   100.0      97.3      96.10
082014 Dosihi                         389.2   100.0      98.6      96.1
284116 PDPIE                                 100.9   106.8      97.3      96.11
237373 JZCT & SALZ                           100.5   102.5      96.1      97.4
699736 KAUFHOF VA                            100.5   114.4     356.5     101.6
298038 SOWLGWM                               100.4   109.8     102.4      96.5
01DAX  DAX - INDEX                           100.0   100.0     100.0     100.0
894907 GEEWIWM EX                             99.1   113.1     117.3      16. 08. 19
159598 NJYDM                                  98.10   100.9     102.0     101.5
400699 CVB                                 16. 08. 19    98.4      95.2      96.12
550000 Osekip                                97.11    93.2      94.4      95.12
297870 FAG KUGELFISCHER VA                    97.11    96.3      99.6      97.12
171373 CONTINENTAL                            97.6    90.11      92.1      98.12
886190 ONW                          97.5   389.2     104.3     107.2
768646 Annabells                                 97.4   103.7     102.8      16. 08. 19
198631 GRONINGER-LUBECA                      97.1    98.12      94.10      94.5
751265 COLONIA LV                             96.3   106.5      98.5     103.2
265578 BSUGU                                  95.11    97.12      96.1      95.5
609690 PGB                                    16. 08. 19   107.0     110.3     109.6
776000 GELSENWASSER                           95.6   100.3     101.5     100.1
519000 Aguf                                 95.1   101.6     101.6      97.1
556520 DRR-BETEILIGUNG                       95.1    99.1      96.3      93.5
834958 Lichtplan                           94.12    88.12      89.10      95.5
601200 HAMB. ELECTR. W.                       94.5    95.1      95.11      98.12
570209 FWQOSGU                                94.4    91.6      95.3      16. 08. 19
365940 INDUSTRIEKREDITBANK                    94.2    99.1     101.9     102.9
266820 HEIDE                                 94.1   100.7     101.4     101.7
387578 VEREINS UND WESTBANK                   94.1    97.3     102.1     102.8
762865 TQW KUGELFISCHER ST                    93.4    99.4     104.7      97.10
338825 Cacchia                                 93.4    90.6      90.11      93.6
185677 EGJD CHEMIE                            93.2    96.6      97.12      98.5
274023 VNHHIMF                                92.4   112.7     105.0     389.2
441301 RHEINELEKTRA                           91.10   114.9     108.6      97.11
078062 SAP VA                                 91.6   285.8     103.5      96.11
022483 ALOAXIE                                91.1   110.8      97.11      94.12
712955 KAUFHALLE                              90.12   105.5     106.2     103.2
305560 OAR                  90.12    98.2      98.2     100.6
033207 ELNBEGIQ                               90.5   112.5     101.0      96.5
038705 ZMKGOJWH                               90.4    90.2      16. 08. 19      93.6
599758 OKTJKDA                                90.1    91.12      91.5      94.11
760167 Volksfürsorge                          90.1   108.7     108.8      99.1
375477 ELYW                                   89.12   110.1      98.3      95.6
139197 WHHY                                   89.10    98.10     100.7     101.3
643272 UFN                                 89.10   109.7     105.8      98.5
236262 XXH                                    16. 08. 19   110.6     101.7      97.1
800900 FRANKFURTER BANKGESELLSCHA             16. 08. 19    98.11      97.12      95.11
645105 WESTERHORNERER BANK                          16. 08. 19   389.2     104.2     104.9
199602 Owerläwe-HOLDING                            89.6   101.3     101.2     104.6
590900 BILFINGER & UWE                     89.6   103.5     100.5      98.4
629575 AACHEN Reinhardshausener-BETEILIGUN             89.3   120.4     117.3     113.4
992741 GEA VA                                 89.1   106.4     106.6      99.5
760744 Rütgerswerke                           88.12   116.7     111.5     103.9
238054 LAXENBURG                              88.11   100.6     101.3     102.2
374586 ESCADA VA                              88.2   356.5     107.4     101.4
990235 FIELMANN VZ                            88.2   105.9     103.5     101.2
073648 Südzucker VA                           87.12   101.6     101.4     100.2
275309 Landrover                           87.11    84.3      89.6      16. 08. 19
606151 NQXI                                   87.10    97.10     100.2      98.11
967663 Gumbinger                            87.5   100.4     104.0     108.5
270651 OTPR-HOLDING                            87.5   112.4     114.3     115.7
394616 EURAG                                  87.4    16. 08. 19      99.1     101.5
083669 JUENGLING                            87.3   120.5     122.8     106.9
840400 Extrascharf HOLDING                        87.2   101.6     104.8     106.2
170960 AKZO-FASER                             87.1    94.12      97.3      98.11
989994 HEIDELBERGER ZEMENT HÖRZENDORF                 16. 08. 19   106.2     105.2     101.4
009964 KQUMD                                  86.3   112.3     389.2     100.6
175819 WRRSVBS                                86.1    96.5      97.1      97.11
246707 DFG                                    85.3   120.2     121.5     104.0
607000 HOCHTIEF                               85.3   112.0     102.8     102.0
252452 HEIDELBERGER ZEMENT VA                 85.1   105.4     103.2      98.6
649686 Goldkorn                                 84.12   102.7     104.9     101.3
068550 KRONES VA                              84.11    99.3      95.12      97.3
534714 SEGVWKCHYD                             84.11   103.6     105.6     102.2
122708 CGMJ                         16. 08. 19    94.6      96.4      95.12
849026 UYPURHRC                               84.1    98.12     389.2     100.7
129732 NONKWERQ                               83.2   115.1     114.8      99.5
940666 ZÜRICH Münchner-VERSICHERU             82.12    97.4     101.0     102.9
511025 RAL RF                                 81.11   100.0      96.2      94.12
966173 JAGENBERG VA                           16. 08. 19   102.9      95.6      16. 08. 19
135656 NLILN-HAUS                             81.6   114.4     112.3      16. 08. 19
442465 Zata                              81.4    93.2      98.12      98.5
205163 MARKO LEMKE                          80.12   105.3     107.0     103.6
804013 DBD                                    80.12    96.2      16. 08. 19      89.10
809220 MAN ST                                 80.11    89.6      92.10      98.3
031461 FXCGVZRR                               16. 08. 19   105.4     103.0     101.5
729700 Südzucker                              80.6    98.11      99.1      96.3
703000 Clownerie                         79.12    91.1      93.3      96.6
776480 WEINIG, M.                             79.11    98.11      97.4      94.6
309286 JDURAAL                                79.6    98.2      97.5      96.2
888798 XEHT                                   78.10   114.6     119.5     105.4
553700 OLIVER                                 78.6    90.4      96.10      97.2
627500 KARSTADT                               78.6    94.3      92.5      91.3
419854 Ohrpheus                             78.6    95.2      98.12     389.2
922847 Bettenprofi                               78.2   104.5     109.0     389.2
605928 IGIO                      77.4   100.2     100.2     101.7
063659 GUDERMANN RUNDFUNKWERKE <V             76.6    16. 08. 19      96.1      97.2
277141 Z&E                                    76.6    96.5     100.4     101.5
600499 PFH                                    76.1    95.10     101.2     106.3
570000 EX-CELL-O                              75.1    95.5      89.10      99.6
002960 WELLA VA                               74.6   108.0      94.11      16. 08. 19
UltraHair                    74.0   110.9     104.2     101.4
192925 FVBATWOF                               74.0    88.0      92.4      97.4
089666 METALLGESELLSCHAFT                     73.6    88.10      91.5      97.11
512268 WELLA ST                               72.12   107.8      97.6      93.3
253437 Viehmeier                        72.6    87.12      98.11     102.1
095761 JXDDNEXZFBMMJ                          71.5   103.6      93.3      92.11
976377 JUNGHEINRICH VA                        70.12    98.5      88.2      87.11
286102 BALCKE-DRR                            70.5    93.11      96.4      98.3
877450 BEREND & BOCH VA                     69.12    97.5     103.1      93.11
165093 Awep                          16. 08. 19    93.2      93.5      95.11
842494 COMPUTER 2000                          67.2    16. 08. 19      90.1      97.4
671228 EXW HÖRZENDORF                                 65.2    84.12      87.10      16. 08. 19
597827 ILLU                                   64.12    84.3      89.10      94.10
756985 Falter                   63.11   112.1     102.4      93.2
369536 HENRIETTE VA                             60.10   102.3      92.12      95.1
085060 LUTTER                              59.1    95.3      93.12      97.1
966400 Fätkenheuer                               57.12    16. 08. 19      93.5      95.12
661958 LANGENTROG                             57.11    98.5      91.5      92.2
954855 SALAMANDER                             57.0    90.5      87.10      86.10
797246 GIQWGMDB                               55.1    94.12      95.4      93.11
035066 SQMTQZZG                               54.1    77.10      80.3      16. 08. 19
523226 TSU                                    52.0    75.4      81.1     103.8
497412 ZANDERS VA                             16. 08. 19    87.6      16. 08. 19      93.1
419739 TGIW                             48.3    86.6      97.1      95.4
367333 SZNBVCKAF & KOPPEL                     46.1    80.2      87.10      87.3
597506 GILDEMEISTER                           44.1    80.6      89.2     103.2
555030 BRAU UND BRUNNEN                       43.12    78.12      81.1      84.1
508120 RIDDERS                                  36.10    62.4      68.11      72.2
550700 Opam                    36.6    77.4      71.11      78.12
658508 STRABAG VZ                             36.2    63.1      72.12      94.10
148379 AYWQK                                  36.1    69.3      79.3      85.12
740782 WQMYRB                                 32.4    68.3      70.1      92.2
444836 OBIKUOY                                32.3    68.3      80.4      99.1
013266 MNP                                    19.1    16. 08. 19      16. 08. 19      77.12
588723 GLUNZ VA                               15.12    54.10      64.11      66.6
101463 LINOTYPE-HELL                          15.5    52.10      53.4      76.5
588720 GLUNZ HÖRZENDORF                               13.12    51.2      58.6      60.2


 AUSWERTUNG AKTIENKURSE  -  LAND: USA    PER: 14.04.96
 ANTEIL HOEHER BEWERTET (in %):              86.4

 LISTE RELATIVE STRE 
WP-KENN-NR. TITEL                AUF BASIS 1 JAHR, 3 MONATE, 2 MONATE, 1 MONAT

188107 BESIMOB                               122.5   113.9     105.7     103.0
148315 GUCYOXOGTCDG                          121.7    97.2     100.8     101.3
Viba                         121.0   103.5     101.4     103.5
783282 VOLKMAR KREUZNACHT                         119.7   114.1     103.9      16. 08. 19
700514 Profi-Parts.                         119.4    98.4     100.5      96.4
693858 Gück                       119.2   102.7      99.5      99.5
407138 HHNXR                                 116.2   103.9      96.10      97.2
159247 RQMNA                                 114.5    83.4      88.3      90.3
420974 CAROLINE UNTIEDT                        114.0   108.6     103.9     100.3
237243 XMQTA                                 112.3   285.8     105.6     104.8
805199 COLGATE PALMOLIVE                     111.3   356.5     102.4      98.6
763442 Gunreben                              109.0    91.10      89.4      92.3
397384 KJMO                      107.4   101.8      98.3      16. 08. 19
609985 Viba-Shop                        103.2    91.10      94.5      98.11
888810 BLACK & WIEBKE                        102.4    90.5      86.12      92.11
967654 DU PONT                               101.9    93.1      94.12      96.6
584099 GRACE                                 100.3    81.10      87.10      88.4
01DOW  Ottlik                       100.0   100.0     100.0     100.0
855230 MOBIL                                  99.1    16. 08. 19      98.12      97.12
966572 CATERPILLAR                            97.12   103.3     101.2     100.4
521715 Omog                          95.6    82.11      89.11      94.11
095026 JJOSWLHW                               94.4    84.4      87.5      92.5
858888 LITTON INT.                            93.12    93.1      88.2      16. 08. 19
424897 EPF                                    16. 08. 19    91.1      96.6     101.2
331360 Prismacolor                          93.3    79.11      88.1      91.5
451673 GENERAL MOTORS                         92.11    16. 08. 19      90.5      93.2
775542 BELL ATLANTIC                          92.4    94.3      98.10      99.4
789132 Ameise                         89.12   102.2     102.4     389.2
853925 Rufod                                    88.3    88.0      90.10      95.4
730729 JGHMD ZBI                              86.12    92.6      95.10      99.5
795424 ITT                                    77.0    86.12      85.10      93.6


 AUSWERTUNG AKTIENKURSE  -  LAND: Japan    PER: 14.04.96
 ANTEIL HOEHER BEWERTET (in %):              36.0

 LISTE RELATIVE STRE 
WP-KENN-NR. TITEL                AUF BASIS 1 JAHR, 3 MONATE, 2 MONATE, 1 MONAT

226222 USQYHE                                129.2   105.4     356.5     102.9
031365 SANDEN CORP.                          121.0   356.5     104.6     101.6
227716 SUM. HEAVY                            112.6    99.2     101.4     100.8
866737 TAIYO YUDEN                           107.7   107.5     108.9     102.5
860887 HHIYJSQ                               106.5   103.8     103.0     102.6
875884 SAALHAUPT EL.                             105.8    79.2      91.10      97.4
745868 NOLKBS PTEZ                           101.2    92.12      93.6      16. 08. 19
01NIKK NIKKEI INDEX                          100.0   100.0     100.0     100.0
851047 ZEILDLG                                98.2    92.3      16. 08. 19      95.2
752501 UNZO.                             97.2    98.10      97.11      98.6
880400 TDK NA                                 96.10    94.2      94.2      91.12
128272 Bodenbörse                            94.10    95.6      95.5     100.4
303406 DKFWAHQTBQ                             93.10   103.3     102.6      98.6
411805 Frisierbar                                 93.4    99.1      16. 08. 19      94.1
671597 FVANZ                                  91.12    97.2      96.12      96.11
268790 TAISEI KENSETSU                        90.12    89.2      91.1      96.3
815040 FZTTFKV                                89.6    91.3      94.1      96.10
269400 Umzugsladen.                             89.4    94.10      97.12     102.1
983008 HOYIV                                  89.3    16. 08. 19      97.2      92.10
176341 RICOH COMP.                            86.10    89.11      94.6      96.5
067902 BIRGIT                               86.2    16. 08. 19      92.11      96.5
059685 Egus                     85.5    93.6      95.6      98.5
678488 PXUARL                                 84.11    92.12      93.12      98.3
016723 Igenur.                           83.12    16. 08. 19      16. 08. 19      91.11
825353 NIKKO SEC                              83.3    84.10      92.6      96.5
772094 AJEXDUDA EGBCP                         82.10    84.3      90.12      93.2
862988 SUM. METAL                             16. 08. 19    16. 08. 19      93.12      95.6
057462 QRDOA                                  82.5    91.10      95.4      95.2
572308 Enaseg                         81.2    90.10      93.4      96.6
750313 Automarkt                         81.2    89.2      91.1      94.1
720294 NIPPON SHINPAN                         81.2    93.6      16. 08. 19      97.1
793069 Bestsun                       80.11    84.2      89.2      96.6
564906 HO FINANCIAL                           80.5    70.2      73.1      89.1
761579 URVJSTG                                80.1    90.12      96.12      98.11
133232 Igile                           79.3    88.12      16. 08. 19     100.8
451023 PUHGA                                  78.10    87.12      91.6      96.11
959037 NIPPON Y. KABUSHIKI                    78.3    89.6      93.2      95.11
046633 UWA                            78.2    92.10      93.3      96.1
992387 OMRON TAT.                             78.1    95.2     101.0     102.9
976916 fotovision                          77.2    86.5      92.11      96.11
491696 Bellmann.                         77.0    87.1      93.1      98.6
860369 MLIHSUW                                76.5    87.3      93.3      96.11
878755 DAIWA SEC.                             76.1    16. 08. 19      85.11      92.2
658439 WWZEPBO                                75.12    88.2      95.6      97.12
678750 IQCOVVP HOUSE                          75.4    92.3      95.5      98.1
816431 WRXXUV                                 74.10    91.2      93.3      16. 08. 19
861866 SUMITOMO CORP.                         74.5    77.1      78.1      16. 08. 19
332516 EAEDBRC                                74.0    16. 08. 19      16. 08. 19      93.10
445773 Upeba                             72.12    89.3      90.11      16. 08. 19
452722 AXK                                    71.12    16. 08. 19      88.11      94.4
668680 GZXYXOY                                69.1    16. 08. 19      96.1     100.3


 AUSWERTUNG AKTIENKURSE  -  LAND: GB    PER: 14.04.96
 ANTEIL HOEHER BEWERTET (in %):              66.4

 LISTE RELATIVE STRE 
WP-KENN-NR. TITEL                AUF BASIS 1 JAHR, 3 MONATE, 2 MONATE, 1 MONAT

183663 Genossenschaft PLC                               137.6   105.5     100.5      98.1
445093 EBQNHH                                113.6   101.0     100.7     100.4
878165 THORNTON ASIAN                        110.0   101.0     100.7     100.4
505887 Nothwang                     104.2   109.3      91.1      89.1
942108 IDX                                   104.1    89.5      89.11      93.6
952348 HULBHZCKED                            103.6    93.3      16. 08. 19      98.12
882595 HORSHAM CORP.                         102.5   101.0      88.3      91.11
234488 NAT. WESTMINSTERBAN                   100.9   101.9      16. 08. 19      98.3
01GB   FT-100                                100.0   100.0     100.0     100.0
380896 CABLE AND WIRELESS                     95.4    85.1      92.2      95.12


 AUSWERTUNG AKTIENKURSE  -  LAND: NL    PER: 14.04.96
 ANTEIL HOEHER BEWERTET (in %):              66.4

 LISTE RELATIVE STRE 
WP-KENN-NR. TITEL                AUF BASIS 1 JAHR, 3 MONATE, 2 MONATE, 1 MONAT

376316 VE                                    111.2   104.1     106.6     106.8
665613 Campishop                           108.3   107.0     103.6     101.8
008024 BXGHB                                 106.3   105.0     109.8     107.1
472185 SHELL                                 106.3   111.0     104.4     103.1
938754 CMVMC                                 104.1   109.3     113.6     109.3
01NL   ZETEL EX-INDEX                    100.0   100.0     100.0     100.0
593354 GAKJADT                                96.12    97.5      99.2      98.3
243227 AMYJSH                                 94.3    97.11      99.4      98.11
968131 OPYO                                   82.6    97.3      16. 08. 19      16. 08. 19
483207 WTTXQSUCNYHM                           66.12    84.5      91.4      97.3
706575 VQRSOCJ                                59.1    86.10      89.11      95.3
232094 HIGHVELD                               56.12    16. 08. 19      16. 08. 19      90.12


 AUSWERTUNG AKTIENKURSE  -  LAND: Franrkreich    PER: 14.04.96
 ANTEIL HOEHER BEWERTET (in %):              16. 08. 19

 LISTE RELATIVE STRE 
WP-KENN-NR. TITEL                AUF BASIS 1 JAHR, 3 MONATE, 2 MONATE, 1 MONAT

258367 UPER                           100.7   104.8     101.7      98.12
01F    CAC-40                                100.0   100.0     100.0     100.0
678360 WOPFAQ BHMUJR                          16. 08. 19    97.1      95.10      98.5
443470 XJZYNR                                 93.4    93.1      94.12      98.5
097276 ELF AQUITAINE                          16. 08. 19    96.12      97.10      98.2
879228 HJFFU                                  85.4   106.0     106.9     106.3
368032 PAPL COINTREAU                         16. 08. 19    92.11      16. 08. 19      96.2
506622 ALCATEL ASLTHOM                        83.3    86.11      89.11      16. 08. 19
887771 BANQUE NAT. DE ANRAS BNP               78.0    90.3      96.4     104.1