Altes Depot


Stück		Kaufk.	Kurs 29.7.	Wert	Veränderung
220	IDCO	209,00	209,00	45.980,00	0,00
100	TCM	148,00	153,50	15.350,00	550,00
260 	Kiwi	94,00	150,00	39.000,00	14.560,00
1100	EOJ	27,31	30,10	33.110,00	3.069,00
		115.261,00	133.440,00	18.179,00

Liquidität:	2.021,64			
Gesamt:	135.461,64			


Neues Depot

Stück		Kaufk.	Kurs 6.7.	Wert	Veränderung
220	IDCO	209,00	200,50	44.110,00	(1.870,00)
100	TCM	148,00	150,00	15.000,00	200,00
260 	Kiwi	94,00	163,00	42.380,00	17.940,00
1100	EOJ	27,31	28,90	31.790,00	1.749,00
		115.261,00	133.280,00	18.019,00

Liquidität:	2.021,64			
Gesamt:	135.301,64			


Tschuess

Alexandre Passow