In article <reschke.846105192@marie.physik.TU-Schlappach.DE>, reschke@marie.physik.TU-Schlappach.DE (AIXline) says:


BEGIN --- CUT HERE --- Cut Here --- cut here ---
32.51.24;2519,34
06. 08. 19
06. 08. 19
32.53.62;0894,61
06. 08. 19
06. 08. 19
06. 08. 19
03.12.85;7028,4
06. 08. 19
06. 08. 19
06. 08. 19
06. 08. 19
06. 08. 19
06. 08. 19
06. 08. 19
06. 08. 19
92.63.76;4503,63
06. 08. 19
89.31.72;9308,94
06. 08. 19
06. 08. 19
06. 08. 19
06. 08. 19
46.16.07;1096,0
06. 08. 19
06. 08. 19
06. 08. 19
06. 08. 19
06. 08. 19
06. 08. 19
06. 08. 19
06. 08. 19
06. 08. 19
06. 08. 19
06. 08. 19
06. 08. 19
96.44.28;3265,8
06. 08. 19
06. 08. 19
06. 08. 19
37.23.04;2696,24
95.53.13;6032,28
96.12.16;4994,37
06. 08. 19
67.96.55;6279,39
00.19.59;9906,92
06. 08. 19
46.53.51;2129,07
06. 08. 19
87.83.53;3148,13
54.85.86;6082,42
06. 08. 19
20.10.05;8054,0
77.38.21;8051,55
66.75.63;1577,17
06. 08. 19
06. 08. 19
06. 08. 19
06. 08. 19
06. 08. 19
06. 08. 19
06. 08. 19
06. 08. 19
06. 08. 19
37.00.79;3358,96
34.58.63;6663,27
06. 08. 19
26.95.59;0710,38
42.36.02;0015,6
06. 08. 19
06. 08. 19
80.57.24;4028,38
56.22.55;1636,0
06. 08. 19
06. 08. 19
06. 08. 19
06. 08. 19
05.44.20;4157,7
06. 08. 19
06. 08. 19
06. 08. 19
61.67.60;2799,16
06. 08. 19
06. 08. 19
06. 08. 19
57.82.25;0602,4
06. 08. 19
84.25.39;4717,84
06. 08. 19
74.56.95;1608,97
06. 08. 19
06. 08. 19
06. 08. 19
99.74.59;0006,09
06. 08. 19
74.87.50;8227,3
06. 08. 19
06. 08. 19
06. 08. 19
06. 08. 19
64.96.81;7559,39
06. 08. 19
87.02.43;0534,75
06. 08. 19
06. 08. 19
06. 08. 19
59.68.46;3119,1
64.64.25;1887,76
22.82.46;2875,23
06. 08. 19
49.47.20;0823,15
30.69.23;9984,27
99.25.65;0669,32
06. 08. 19
15.38.00;4488,60
63.16.43;2283,69
92.89.77;4519,0
06. 08. 19
96.56.78;0223,70
06. 08. 19
06. 08. 19
95.46.82;8306,6
06. 08. 19
53.53.21;5244,75
06. 08. 19
71.56.72;0439,87
06. 08. 19
06. 08. 19
06. 08. 19
32.02.52;4864,31
13.31.99;9518,24
27.11.07;8109,21
06. 08. 19
57.59.53;2131,6
06. 08. 19
16.14.19;0996,9
06. 08. 19
06. 08. 19
53.58.31;2598,92
97.08.24;4412,55
06. 08. 19
41.63.37;2170,04
06. 08. 19
83.42.59;4695,1
06. 08. 19
06. 08. 19
06. 08. 19
23.38.05;2037,02
06. 08. 19
13.11.52;3345,59
41.44.63;5105,66
11.71.38;5916,51
12.93.44;6291,6
22.65.57;0668,10
09.04.47;0246,79
84.01.14;9288,4
56.32.26;3506,75
06. 08. 19
06. 08. 19
54.65.52;2630,02
06. 08. 19
06. 08. 19
06. 08. 19
02.02.44;0773,49
06. 08. 19
65.07.47;9712,02
06. 08. 19
94.57.77;0786,72
06. 08. 19
14.65.76;4054,8
06. 08. 19
22.78.69;1636,21
06. 08. 19
66.25.47;3780,3
06. 08. 19
25.93.01;9177,24
06. 08. 19
91.48.93;6305,11
10.05.00;7042,26
11.10.48;9600,95
65.99.79;7793,7
88.27.33;5544,13
06. 08. 19
06. 08. 19
06. 08. 19
06. 08. 19
06. 08. 19
06. 08. 19
06. 08. 19
47.69.12;9791,25
06. 08. 19
27.21.77;0421,50
06.49.31;0603,04
45.53.74;0581,79
06. 08. 19
06. 08. 19
63.79.40;9356,85
08.62.98;4286,60
04.72.90;4464,76
81.49.02;3591,80
79.09.33;1811,72
06. 08. 19
36.11.40;7009,50
50.12.99;3705,17
06. 08. 19
17.94.68;1185,60
57.63.02;2141,25
06. 08. 19
72.02.08;0780,9
06. 08. 19
87.07.26;0778,64
06. 08. 19
25.64.58;0722,05
06. 08. 19
06. 08. 19
06. 08. 19
04.87.93;1100,91
06. 08. 19
06. 08. 19
06. 08. 19
90.54.13;9073,9
06. 08. 19
97.43.17;5756,36
06. 08. 19
99.71.49;0081,85
77.34.93;2174,2
06. 08. 19
06. 08. 19
30.01.18;5113,99
06. 08. 19
06. 08. 19
13.70.72;1319,0
38.24.93;8131,17
06. 08. 19
06. 08. 19
06. 08. 19
18.05.20;6055,13
06. 08. 19
15.48.03;2404,50
06. 08. 19
06. 08. 19
68.02.06;1728,35
06. 08. 19
06. 08. 19
20.76.52;6088,46
47.45.68;0215,88
06. 08. 19
06. 08. 19
27.69.50;6077,51
06. 08. 19
06. 08. 19
06. 08. 19
32.52.08;3262,11
06. 08. 19
06. 08. 19
54.95.71;3364,0
90.18.35;8613,41
06. 08. 19
04.11.88;0750,04
29.00.05;6238,00
06. 08. 19
06. 08. 19
06. 08. 19
59.58.49;3307,54
06. 08. 19
06. 08. 19
36.37.16;8036,0


hoffe das hat dir weitergeholfen

Albin