K E N O
SelMcKenzie=AE       SelWave=AE       WaveTrader=AE       Selzer-McKenzie=
=AE

Die Keno-Ziehungen vom  Montag, 8. Oktober 2006  bis  Samstag, 12. Juni
2010
Montag  08.10.2006  Zahlen:
6)2)5)0)16)51)73)08)95)07)91)36)19)69)88)73)30)78)23)46
Dienstag  09.10.2006  Zahlen:
1)8)44)18)39)85)81)06)33)24)84)08)24)88)51)46)75)47)27)87
Mittwoch  10.10.2006  Zahlen:
0)3)6)19)94)48)69)57)34)16)48)98)94)82)46)19)66)68)66)39
Donnerstag  11.10.2006  Zahlen:
7)12)13)14)20)21)22)24)33)35)37)39)40)44)53)57)60)61)67)70
Freitag  12.10.2006  Zahlen:
8)8)4)84)12)39)74)13)84)85)32)11)59)34)46)58)78)32)59)57
Samstag  13.10.2006  Zahlen:
6)2)64)98)52)85)13)61)51)57)16)00)18)55)71)74)78)80)43)79
Montag  15.10.2006  Zahlen:
40)03)57)53)17)29)85)63)21)83)29)74)52)84)49)69)40)39)62)31
Dienstag  16.10.2006  Zahlen:
7)8)8)3)37)25)89)60)98)70)46)50)08)30)11)81)88)00)70)70
Mittwoch  17.10.2006  Zahlen:
5)8)4)69)73)21)27)84)01)65)01)14)28)70)94)34)65)91)34)18
Donnerstag  18.10.2006  Zahlen:
2)3)0)5)45)15)69)33)18)41)09)29)47)12)29)87)43)23)70)26
Freitag  19.10.2006  Zahlen:
3)10)12)19)20)23)25)31)35)36)37)43)45)50)54)58)62)67)68)70
Samstag  20.10.2006  Zahlen:
7)7)3)8)9)97)09)77)22)97)02)25)40)35)14)01)31)75)94)89
Montag  22.10.2006  Zahlen:
3)7)85)91)11)67)36)60)86)10)79)49)01)85)13)12)31)65)80)50
Dienstag  23.10.2006  Zahlen:
3)9)42)87)25)30)45)38)98)35)82)47)08)55)57)74)86)37)44)69
Mittwoch  24.10.2006  Zahlen:
6)9)1)1)5)66)39)54)03)43)94)34)40)19)78)51)50)74)78)13
Donnerstag  25.10.2006  Zahlen:
6)9)28)24)45)90)95)87)26)36)74)79)82)47)70)52)87)14)30)22
Freitag  26.10.2006  Zahlen:
7)15)23)26)29)30)36)38)41)46)47)53)54)58)59)60)62)63)64)65
Samstag  27.10.2006  Zahlen:
0)2)3)1)78)05)11)27)73)60)06)68)79)20)71)79)45)76)74)43
Montag  29.10.2006  Zahlen:
1)2)1)2)4)6)05)95)30)52)79)23)56)44)30)80)52)19)81)23
Dienstag  30.10.2006  Zahlen:
7)9)17)47)31)81)49)90)27)86)12)61)08)98)91)15)35)86)74)16
Mittwoch  31.10.2006  Zahlen:
2)9)8)45)99)86)51)60)80)10)15)19)09)27)07)13)26)18)03)86
Donnerstag  01.11.2006  Zahlen:
0)6)6)3)37)89)38)61)13)29)39)37)38)81)83)10)45)98)83)86
Freitag  02.11.2006  Zahlen:
1)2)6)7)9)13)18)22)26)27)31)33)41)42)51)57)59)60)68)70
Samstag  03.11.2006  Zahlen:
8)6)5)8)50)06)08)21)51)01)94)92)44)25)75)86)13)60)63)80
Montag  05.11.2006  Zahlen:
7)4)60)77)28)10)15)50)32)52)60)81)97)70)19)26)32)25)52)42
Dienstag  06.11.2006  Zahlen:
8)6)0)78)62)95)71)51)98)44)85)42)85)89)15)69)66)26)40)01
Mittwoch  07.11.2006  Zahlen:
7)4)0)93)84)97)90)78)16)41)78)13)03)47)38)79)64)19)86)45
Donnerstag  08.11.2006  Zahlen:
4)5)6)14)17)29)31)32)33)34)42)44)49)53)54)57)58)59)66)70
Freitag  09.11.2006  Zahlen:
1)6)7)15)18)20)25)27)31)35)36)42)46)48)49)53)60)65)67)70
Samstag  10.11.2006  Zahlen:
4)9)5)48)88)69)77)77)94)49)24)66)84)63)30)76)10)35)20)03
Montag  12.11.2006  Zahlen:
8)2)0)6)3)97)96)75)00)31)17)07)89)91)63)61)59)57)16)22
Dienstag  13.11.2006  Zahlen:
6)86)85)24)96)91)57)76)58)35)42)08)63)68)55)13)75)49)62)64
Mittwoch  14.11.2006  Zahlen:
3)7)8)10)17)25)27)29)30)34)37)38)39)41)42)51)55)63)64)65
Donnerstag  15.11.2006  Zahlen:
2)7)6)6)7)35)26)08)27)06)21)39)67)78)04)86)27)38)28)25
Freitag  16.11.2006  Zahlen:
7)8)4)93)81)58)70)27)75)14)32)79)47)16)11)70)24)57)36)42
Samstag  17.11.2006  Zahlen:
5)5)9)26)49)09)72)44)80)52)83)20)22)78)44)80)69)21)35)37
Montag  19.11.2006  Zahlen:
0)9)4)03)74)54)12)40)73)72)21)11)17)16)81)72)87)79)07)50
Dienstag  20.11.2006  Zahlen:
5)7)8)11)13)16)18)25)32)36)37)41)45)47)56)57)62)68)69)70
Mittwoch  21.11.2006  Zahlen:
7)7)85)22)43)36)95)18)62)99)74)48)51)63)98)99)04)21)14)04
Donnerstag  22.11.2006  Zahlen:
6)8)97)68)57)40)34)32)83)94)19)14)46)19)98)61)60)83)11)27
Freitag  23.11.2006  Zahlen:
3)7)9)1)12)47)28)70)44)21)03)47)20)02)63)44)52)47)85)37
Samstag  24.11.2006  Zahlen:
3)7)9)9)74)07)09)86)00)43)27)35)15)07)63)88)25)85)22)45
Montag  26.11.2006  Zahlen:
9)65)69)03)49)80)10)31)65)88)63)13)97)37)68)37)48)88)23)76
Dienstag  27.11.2006  Zahlen:
7)5)47)47)82)03)89)82)17)39)87)40)50)00)02)13)90)91)72)07
Mittwoch  28.11.2006  Zahlen:
3)5)5)2)32)08)34)54)23)13)13)54)79)46)03)77)02)74)37)29
Donnerstag  29.11.2006  Zahlen:
1)7)84)93)70)23)09)17)72)75)32)45)96)62)09)42)86)80)91)87
Freitag  30.11.2006  Zahlen:
6)8)65)96)75)77)29)84)89)14)11)34)63)27)41)28)33)30)11)96
Samstag  01.12.2006  Zahlen:
6)3)6)55)11)79)79)80)98)04)64)70)34)32)21)14)30)25)05)84
Montag  03.12.2006  Zahlen:
3)1)9)3)83)42)57)29)25)34)57)37)02)21)76)30)36)28)26)99
Dienstag  04.12.2006  Zahlen:
8)3)9)05)53)09)45)23)34)60)17)46)96)89)98)69)96)35)54)19
Mittwoch  05.12.2006  Zahlen:
8)0)8)92)35)31)44)47)96)69)64)53)12)19)48)94)61)06)80)58
Donnerstag  06.12.2006  Zahlen:
9)9)11)16)28)26)28)90)37)96)98)08)03)62)31)23)31)45)39)00
Freitag  07.12.2006  Zahlen:
2)3)6)95)66)70)60)86)13)02)55)64)70)99)12)60)24)41)20)71
Samstag  08.12.2006  Zahlen:
37)51)89)31)58)70)36)73)69)65)71)29)35)85)20)49)27)15)05)63
Montag  10.12.2006  Zahlen:
2)6)9)3)9)83)38)35)65)31)40)92)98)05)28)60)77)87)88)58
Dienstag  11.12.2006  Zahlen:
1)4)19)47)07)82)05)80)68)62)70)18)04)82)63)99)09)22)22)87
Mittwoch  12.12.2006  Zahlen:
3)2)28)34)48)04)69)24)48)45)10)46)56)09)72)85)82)12)18)72
Donnerstag  13.12.2006  Zahlen:
0)1)6)9)72)70)69)42)86)81)28)83)68)27)56)40)51)16)00)02
Freitag  14.12.2006  Zahlen:
8)0)84)52)43)26)51)27)77)74)46)63)66)98)83)79)68)73)94)11
Samstag  15.12.2006  Zahlen:
5)1)8)39)96)99)72)99)81)54)35)12)12)82)59)26)92)44)88)07
Montag  17.12.2006  Zahlen:
2)5)1)69)07)17)67)39)30)53)92)61)73)13)42)09)73)08)39)06
Dienstag  18.12.2006  Zahlen:
4)17)12)52)37)99)09)60)36)30)52)41)67)46)87)15)75)75)24)37
Mittwoch  19.12.2006  Zahlen:
7)5)00)47)75)95)60)73)88)77)47)16)93)57)97)49)90)06)04)33
Donnerstag  20.12.2006  Zahlen:
6)7)10)17)29)32)33)37)39)40)44)45)48)51)56)58)60)61)66)70
Freitag  21.12.2006  Zahlen:
2)7)5)68)22)74)10)09)06)53)50)15)61)81)08)52)93)62)43)40
Samstag  22.12.2006  Zahlen:
1)16)17)19)21)25)26)27)30)31)34)35)36)40)41)48)50)55)58)60
Montag  24.12.2006  Zahlen:
1)7)9)14)20)28)32)36)38)40)47)53)54)55)56)58)60)64)68)70
Dienstag  25.12.2006  Zahlen:
0)5)2)3)26)51)13)18)97)31)97)77)74)51)35)30)64)90)75)90
Mittwoch  26.12.2006  Zahlen:
4)8)76)96)44)44)41)13)03)63)78)40)57)76)82)50)26)64)34)58
Donnerstag  27.12.2006  Zahlen:
0)03)28)96)12)75)86)86)88)99)84)34)67)62)68)79)00)70)97)04
Freitag  28.12.2006  Zahlen:
8)3)57)59)47)07)38)27)16)80)48)58)83)04)53)00)79)61)40)92
Samstag  29.12.2006  Zahlen:
8)6)59)32)58)03)81)89)08)44)17)45)81)33)31)32)58)52)13)79
Montag  31.12.2006  Zahlen:
1)7)67)61)20)74)62)19)04)49)99)45)04)32)66)65)22)79)48)12
Dienstag  01.01.2007  Zahlen:
0)6)5)94)96)87)49)61)53)20)06)14)05)74)07)44)71)55)30)55
Mittwoch  02.01.2007  Zahlen:
3)0)58)79)94)02)31)70)98)96)18)49)21)83)67)03)88)08)78)09
Donnerstag  03.01.2007  Zahlen:
6)7)50)25)62)29)60)53)39)77)07)10)46)10)70)97)46)05)71)98
Freitag  04.01.2007  Zahlen:
5)6)8)9)18)23)24)25)28)31)41)43)48)55)58)60)62)65)69)70
Samstag  05.01.2007  Zahlen:
6)8)05)89)17)99)63)69)32)55)60)42)14)01)44)25)17)84)36)78
Montag  07.01.2007  Zahlen:
9)17)25)27)43)37)01)88)66)13)72)62)69)18)05)76)24)41)82)31
Dienstag  08.01.2007  Zahlen:
1)5)6)11)17)20)30)36)37)40)41)46)50)52)54)58)59)66)69)70
Mittwoch  09.01.2007  Zahlen:
3)2)9)82)14)58)85)20)07)17)40)15)64)91)08)64)17)40)47)21
Donnerstag  10.01.2007  Zahlen:
2)5)5)45)33)24)37)80)37)40)04)79)61)90)64)43)88)31)52)61
Freitag  11.01.2007  Zahlen:
6)8)75)68)36)86)41)68)85)58)23)64)56)60)82)37)15)92)30)60
Samstag  12.01.2007  Zahlen:
0)0)3)7)02)18)85)36)59)61)74)33)47)34)36)82)24)73)75)40
Montag  14.01.2007  Zahlen:
9)88)87)33)25)15)17)39)06)49)43)64)65)50)56)93)45)88)78)77
Dienstag  15.01.2007  Zahlen:
2)65)23)75)15)09)91)25)86)36)98)85)80)94)05)88)78)35)29)12
Mittwoch  16.01.2007  Zahlen:
6)0)9)55)33)22)27)73)57)50)34)56)32)42)20)31)49)62)74)47
Donnerstag  17.01.2007  Zahlen:
2)4)11)12)21)22)29)33)35)40)45)50)53)55)57)59)63)66)68)70
Freitag  18.01.2007  Zahlen:
2)5)8)12)72)19)06)99)44)11)70)85)10)72)26)52)43)77)69)09
Samstag  19.01.2007  Zahlen:
23)45)52)01)19)53)68)09)19)31)25)85)01)07)18)71)35)76)27)78
Montag  21.01.2007  Zahlen:
4)10)11)13)15)18)25)30)32)34)37)39)40)59)61)64)65)66)68)70
Dienstag  22.01.2007  Zahlen:
5)5)4)91)39)83)24)18)81)67)40)42)43)80)74)78)55)34)82)15
Mittwoch  23.01.2007  Zahlen:
8)9)9)86)19)28)10)67)59)68)44)56)66)44)97)06)57)71)86)82
Donnerstag  24.01.2007  Zahlen:
0)6)4)8)6)55)11)51)83)77)85)06)21)12)18)32)56)30)31)95
Freitag  25.01.2007  Zahlen:
3)7)10)19)26)28)31)32)34)37)41)42)50)56)57)59)60)66)67)70
Samstag  26.01.2007  Zahlen:
3)0)4)20)56)61)34)13)12)53)39)33)37)17)36)02)52)10)18)13
Montag  28.01.2007  Zahlen:
8)7)08)49)76)55)85)64)02)44)13)47)49)17)39)69)68)51)57)41
Dienstag  29.01.2007  Zahlen:
1)0)5)3)15)41)52)14)41)51)39)61)66)75)78)10)18)66)29)75
Mittwoch  30.01.2007  Zahlen:
9)4)8)3)6)6)23)79)31)81)40)70)78)23)74)48)61)49)40)51
Donnerstag  31.01.2007  Zahlen:
3)5)14)15)22)25)27)29)31)32)37)38)41)42)45)61)63)66)69)70
Freitag  01.02.2007  Zahlen:
6)0)4)90)14)46)79)51)93)71)94)16)36)83)76)50)64)39)13)01
Samstag  02.02.2007  Zahlen:
4)8)6)0)6)85)39)79)39)06)61)81)67)63)69)86)78)06)51)17
Montag  04.02.2007  Zahlen:
8)0)3)4)78)59)38)49)68)08)01)72)54)20)75)80)21)35)09)67
Dienstag  05.02.2007  Zahlen:
20)44)58)02)70)09)33)95)75)89)65)88)29)66)70)22)33)14)54)51
Mittwoch  06.02.2007  Zahlen:
1)6)9)12)18)25)26)30)32)33)34)38)40)41)44)46)51)55)63)70
Donnerstag  07.02.2007  Zahlen:
1)62)35)18)28)41)85)60)91)83)30)29)45)41)22)22)66)48)80)46
Freitag  08.02.2007  Zahlen:
3)5)9)08)36)59)03)08)01)99)83)90)68)05)73)02)47)90)63)19
Samstag  09.02.2007  Zahlen:
0)6)1)2)3)87)54)73)18)03)67)68)12)16)51)88)98)12)03)27
Montag  11.02.2007  Zahlen:
7)29)09)75)49)36)70)79)43)33)21)73)96)31)93)34)36)78)31)60
Dienstag  12.02.2007  Zahlen:
4)9)3)40)93)17)82)51)31)58)10)02)35)04)63)51)68)19)65)06
Mittwoch  13.02.2007  Zahlen:
1)5)89)10)09)92)66)70)97)54)45)63)43)41)03)13)64)21)75)43
Donnerstag  14.02.2007  Zahlen:
2)1)2)0)27)19)77)99)17)63)77)05)66)52)88)33)82)23)07)59
Freitag  15.02.2007  Zahlen:
6)2)1)65)24)39)30)42)67)83)64)68)78)30)89)16)70)03)23)26
Samstag  16.02.2007  Zahlen:
8)26)67)98)86)30)76)32)73)29)43)42)08)06)94)48)67)52)82)05
Montag  18.02.2007  Zahlen:
1)5)8)11)16)17)18)19)24)31)35)45)48)50)51)52)60)65)67)70
Dienstag  19.02.2007  Zahlen:
2)31)11)97)43)75)53)09)53)80)22)66)72)63)88)41)20)30)25)48
Mittwoch  20.02.2007  Zahlen:
9)4)7)07)00)33)96)09)55)15)81)96)39)91)06)81)02)24)41)77
Donnerstag  21.02.2007  Zahlen:
5)2)89)60)81)52)58)15)09)92)03)38)27)39)21)62)07)59)49)67
Freitag  22.02.2007  Zahlen:
4)4)31)32)52)52)13)35)64)34)52)42)54)30)05)01)29)87)92)67
Samstag  23.02.2007  Zahlen:
7)33)51)64)87)88)97)77)58)23)54)66)72)64)92)64)08)03)08)40
Montag  25.02.2007  Zahlen:
9)11)13)16)17)18)19)21)22)23)27)31)43)48)56)59)60)61)62)70
Dienstag  26.02.2007  Zahlen:
18)74)42)91)49)81)01)57)67)66)20)00)22)62)59)06)64)05)73)71
Mittwoch  27.02.2007  Zahlen:
7)15)20)21)29)33)36)38)42)49)50)55)59)60)62)66)67)68)69)70
Donnerstag  28.02.2007  Zahlen:
5)5)4)4)34)60)30)23)93)83)64)79)58)36)98)91)94)97)20)80
Freitag  01.03.2007  Zahlen:
1)3)4)7)9)21)24)25)29)32)33)49)51)52)53)54)62)66)67)70
Samstag  02.03.2007  Zahlen:
7)1)7)58)45)62)83)23)53)62)07)14)88)91)51)91)58)64)73)44
Montag  04.03.2007  Zahlen:
7)3)7)96)55)36)51)70)86)71)62)07)81)51)05)58)86)76)35)49
Dienstag  05.03.2007  Zahlen:
0)1)5)24)00)43)61)90)61)92)89)56)38)47)71)04)55)20)93)47
Mittwoch  06.03.2007  Zahlen:
6)9)89)51)96)75)48)73)09)76)68)71)32)86)63)28)00)56)81)05
Donnerstag  07.03.2007  Zahlen:
9)1)71)61)89)13)63)03)57)13)80)09)25)26)09)75)52)96)97)94
Freitag  08.03.2007  Zahlen:
0)8)1)62)95)56)51)44)17)15)03)27)77)28)86)98)55)49)90)17
Samstag  09.03.2007  Zahlen:
2)2)3)8)6)73)88)32)21)13)10)58)47)51)59)92)32)95)39)60
Montag  11.03.2007  Zahlen:
1)5)0)10)26)59)11)38)74)83)67)62)36)78)45)63)92)83)32)55
Dienstag  12.03.2007  Zahlen:
1)2)4)19)21)23)25)33)34)35)36)46)47)49)59)61)64)65)66)70
Mittwoch  13.03.2007  Zahlen:
9)3)3)8)70)93)71)13)25)02)81)82)07)42)29)35)10)65)94)88
Donnerstag  14.03.2007  Zahlen:
6)07)83)40)87)89)88)23)37)42)44)97)97)66)77)64)63)66)96)35
Freitag  15.03.2007  Zahlen:
1)7)80)59)37)02)93)84)30)19)46)04)89)28)88)33)11)07)21)56
Samstag  16.03.2007  Zahlen:
4)5)8)9)14)21)23)27)35)37)38)39)45)46)47)49)54)55)68)70
Montag  18.03.2007  Zahlen:
6)4)3)4)51)59)83)93)14)66)46)38)01)56)68)42)91)64)64)62
Dienstag  19.03.2007  Zahlen:
7)8)10)11)21)13)26)33)42)43)44)46)48)49)51)54)59)63)68)70
Mittwoch  20.03.2007  Zahlen:
7)2)57)18)69)05)31)10)97)38)99)00)91)66)34)62)43)97)30)36
Donnerstag  21.03.2007  Zahlen:
1)6)7)10)23)28)30)36)38)39)40)44)45)48)49)51)56)58)62)70
Freitag  22.03.2007  Zahlen:
2)7)11)13)14)15)26)27)33)35)40)47)48)51)56)61)67)68)69)70
Samstag  23.03.2007  Zahlen:
88)75)34)51)91)78)80)54)31)10)96)17)56)05)48)54)13)32)57)45
Montag  25.03.2007  Zahlen:
3)00)64)78)93)69)44)46)98)74)06)68)25)29)42)47)22)81)66)68
Dienstag  26.03.2007  Zahlen:
6)7)57)44)66)35)92)07)04)79)20)81)91)78)14)95)03)49)15)88
Mittwoch  27.03.2007  Zahlen:
13)14)15)17)18)19)22)29)33)39)45)47)48)49)50)51)55)59)60)65
Donnerstag  28.03.2007  Zahlen:
2)3)4)8)10)11)13)19)26)35)42)43)45)51)52)57)60)65)68)70
Freitag  29.03.2007  Zahlen:
6)6)7)53)86)86)30)15)35)23)65)10)22)22)06)32)35)15)60)43
Samstag  30.03.2007  Zahlen:
1)9)37)77)58)68)81)09)29)79)35)06)31)90)10)64)99)96)18)71
Montag  01.04.2007  Zahlen:
2)5)64)66)91)58)37)86)37)09)74)15)20)20)96)63)07)77)00)95
Donnerstag  04.04.2007  Zahlen:
5)0)71)79)01)10)18)62)16)17)96)74)55)95)27)69)63)63)09)96
Freitag  05.04.2007  Zahlen:
0)4)5)3)29)77)40)61)77)70)86)00)28)61)24)50)11)25)81)82
Samstag  06.04.2007  Zahlen:
3)1)57)39)79)34)43)78)12)25)05)62)50)12)57)26)21)21)41)14
Montag  08.04.2007  Zahlen:
3)1)57)39)79)34)43)78)12)25)05)62)50)12)57)26)21)21)41)14
Mittwoch  10.04.2007  Zahlen:
5)9)5)9)61)00)71)10)57)88)80)99)78)66)42)63)86)24)59)60
Donnerstag  11.04.2007  Zahlen:
2)9)64)65)72)18)71)76)27)56)11)62)63)81)44)54)51)39)44)74
Freitag  12.04.2007  Zahlen:
4)8)1)65)89)60)25)36)05)02)09)24)55)67)76)94)65)37)36)59
Samstag  13.04.2007  Zahlen:
7)7)2)96)83)35)78)17)04)89)28)02)68)27)19)76)70)82)67)86
Montag  15.04.2007  Zahlen:
4)8)2)29)12)40)78)01)68)73)88)41)90)88)86)31)98)07)77)98
Dienstag  16.04.2007  Zahlen:
10)18)43)06)37)99)11)53)52)70)99)08)50)45)77)55)86)64)58)25
Mittwoch  17.04.2007  Zahlen:
13)14)16)18)19)22)23)25)26)35)38)48)51)56)62)63)64)65)67)70
Donnerstag  18.04.2007  Zahlen:
7)5)3)45)02)49)52)45)47)03)98)76)80)02)58)23)45)34)74)83
Freitag  19.04.2007  Zahlen:
1)2)45)35)57)56)24)42)63)60)03)77)08)87)32)80)94)47)26)15
Samstag  20.04.2007  Zahlen:
6)4)0)68)57)84)56)33)99)19)56)03)72)47)89)89)16)54)87)64
Montag  22.04.2007  Zahlen:
3)5)10)11)12)16)24)25)26)27)30)31)35)51)52)59)61)62)69)70
Dienstag  23.04.2007  Zahlen:
1)8)11)12)20)21)22)23)33)42)50)53)55)59)61)62)65)66)68)70
Mittwoch  24.04.2007  Zahlen:
8)90)11)08)98)37)78)77)06)33)46)77)44)49)68)79)79)77)05)07
Donnerstag  25.04.2007  Zahlen:
2)5)7)10)12)13)21)22)34)35)39)44)46)49)50)51)53)55)56)70
Freitag  26.04.2007  Zahlen:
0)6)1)27)37)79)01)51)51)21)81)31)20)69)91)18)63)31)05)94
Samstag  27.04.2007  Zahlen:
7)1)33)56)61)60)34)15)05)54)67)48)32)96)47)90)88)13)87)28
Montag  29.04.2007  Zahlen:
3)8)85)19)93)01)59)66)78)51)01)82)27)37)94)80)30)23)82)10
Dienstag  30.04.2007  Zahlen:
14)15)17)20)21)22)25)28)29)30)33)35)36)39)46)52)55)59)64)66
Mittwoch  01.05.2007  Zahlen:
3)5)6)20)31)80)39)46)69)85)17)97)33)50)83)88)04)85)70)21
Donnerstag  02.05.2007  Zahlen:
1)2)6)11)23)27)30)32)39)47)48)50)52)54)55)57)65)68)69)70
Freitag  03.05.2007  Zahlen:
6)8)08)36)93)59)06)73)62)63)19)12)03)13)43)21)01)62)15)79
Samstag  04.05.2007  Zahlen:
2)3)5)10)12)15)32)33)34)36)39)43)45)52)58)50)63)64)59)70
Montag  06.05.2007  Zahlen:
3)0)7)2)69)14)85)02)16)56)67)25)48)28)95)39)53)00)76)17
Dienstag  07.05.2007  Zahlen:
3)8)16)19)26)28)37)38)39)43)46)52)53)54)55)64)66)68)69)70
Mittwoch  08.05.2007  Zahlen:
4)1)6)1)58)44)09)49)11)91)47)90)95)97)84)13)18)99)79)11
Donnerstag  09.05.2007  Zahlen:
8)4)0)0)95)66)27)23)08)90)31)02)02)35)09)38)31)66)16)81
Freitag  10.05.2007  Zahlen:
6)8)4)13)27)95)69)06)92)39)40)11)45)92)65)94)90)62)63)51
Samstag  11.05.2007  Zahlen:
1)1)7)2)63)13)91)13)93)76)66)70)84)93)39)80)94)91)13)81
Montag  13.05.2007  Zahlen:
2)5)7)70)31)13)42)15)74)54)51)30)38)95)61)27)55)90)37)38
Dienstag  14.05.2007  Zahlen:
3)7)4)63)36)69)57)52)76)98)26)39)54)04)09)97)96)59)20)60
Mittwoch  15.05.2007  Zahlen:
1)3)6)8)10)16)21)29)31)32)36)37)45)46)54)57)58)59)64)66
Sonntag  15.03.2008  Zahlen:
8)19)11)70)19)18)53)11)14)65)30)17)10)33)45)93)47)05)54)56
Freitag  17.05.2007  Zahlen:
2)4)6)8)14)15)20)25)30)31)33)35)43)51)57)60)64)65)68)70
Samstag  18.05.2007  Zahlen:
1)0)9)36)96)59)47)24)68)79)61)82)89)83)24)45)67)68)78)66
Montag  20.05.2007  Zahlen:
7)1)7)36)18)86)69)25)50)94)60)29)68)07)44)27)34)11)20)91
Dienstag  21.05.2007  Zahlen:
2)0)3)83)68)44)95)84)10)46)24)94)07)26)18)92)70)66)40)37
Mittwoch  22.05.2007  Zahlen:
5)7)11)18)19)22)28)30)31)34)35)41)46)53)55)56)58)62)64)65
Donnerstag  23.05.2007  Zahlen:
1)8)5)9)9)53)61)97)33)30)44)74)99)11)83)77)62)77)91)77
Freitag  24.05.2007  Zahlen:
9)73)16)65)34)81)98)68)07)65)47)75)85)34)02)12)04)80)86)77
Samstag  25.05.2007  Zahlen:
3)6)14)16)18)19)23)26)29)30)33)36)41)47)49)51)53)59)63)70
Montag  27.05.2007  Zahlen:
9)3)3)78)02)28)28)52)45)78)78)66)22)92)51)52)62)05)20)62
Dienstag  28.05.2007  Zahlen:
1)2)4)10)11)12)21)25)29)30)31)32)34)36)38)43)44)49)59)65
Mittwoch  29.05.2007  Zahlen:
3)90)13)59)65)62)35)20)44)23)29)97)86)85)70)46)26)78)88)02
Donnerstag  30.05.2007  Zahlen:
4)1)0)18)72)98)33)07)31)92)18)58)61)10)62)67)55)44)46)42
Freitag  31.05.2007  Zahlen:
6)5)0)0)74)00)79)17)97)14)39)58)23)38)88)88)54)77)61)57
Samstag  01.06.2007  Zahlen:
1)2)12)23)26)29)30)35)36)40)47)49)50)54)55)59)65)68)69)70
Montag  03.06.2007  Zahlen:
2)3)6)7)18)24)34)35)38)39)46)49)52)53)56)57)59)62)66)70
Dienstag  04.06.2007  Zahlen:
7)2)7)3)53)46)54)54)09)83)58)76)08)36)41)06)67)33)33)28
Mittwoch  05.06.2007  Zahlen:
4)8)6)28)81)47)21)98)23)62)39)83)39)21)94)68)68)26)70)01
Donnerstag  06.06.2007  Zahlen:
9)7)67)89)31)03)62)81)75)55)93)58)43)99)02)47)92)01)83)88
Freitag  07.06.2007  Zahlen:
6)8)3)3)27)17)27)59)78)22)02)36)37)85)50)92)76)66)07)81
Samstag  08.06.2007  Zahlen:
02)05)23)09)36)15)07)68)53)22)53)61)96)37)18)84)97)02)11)54
Montag  10.06.2007  Zahlen:
0)3)0)13)59)53)68)43)11)65)17)89)25)71)75)83)96)64)09)66
Dienstag  11.06.2007  Zahlen:
8)6)87)85)42)46)75)97)85)07)75)81)60)46)63)07)91)10)61)87
Mittwoch  12.06.2007  Zahlen:
5)8)7)3)89)46)84)98)79)33)92)62)76)96)14)60)73)85)24)62
Donnerstag  13.06.2007  Zahlen:
8)0)4)90)66)56)99)73)14)82)59)83)43)42)16)89)13)90)26)53
Freitag  14.06.2007  Zahlen:
25)03)15)87)37)82)60)23)77)41)87)99)51)25)70)68)83)56)59)43
Samstag  15.06.2007  Zahlen:
2)4)09)06)50)90)47)82)50)40)38)17)08)33)44)19)20)76)25)56
Montag  17.06.2007  Zahlen:
8)1)54)21)29)68)63)69)82)66)33)79)04)20)46)06)57)75)17)42
Dienstag  18.06.2007  Zahlen:
4)4)53)95)91)98)27)43)63)21)38)90)56)85)37)03)11)98)86)65
Mittwoch  19.06.2007  Zahlen:
0)9)56)92)07)20)24)34)46)17)74)03)66)67)16)23)11)16)84)49
Donnerstag  20.06.2007  Zahlen:
8)1)1)8)59)93)88)40)74)46)27)46)31)21)77)00)66)84)96)40
Freitag  21.06.2007  Zahlen:
8)13)78)72)21)17)82)10)65)71)21)90)99)80)95)78)98)23)73)82
Samstag  22.06.2007  Zahlen:
6)8)9)10)17)18)23)26)28)31)37)38)39)43)46)49)56)59)69)70
Montag  24.06.2007  Zahlen:
2)4)42)82)71)56)13)78)98)06)65)48)39)36)15)89)23)49)79)93
Dienstag  25.06.2007  Zahlen:
8)39)99)20)01)26)98)78)06)52)11)90)60)26)50)58)53)43)95)92
Mittwoch  26.06.2007  Zahlen:
8)1)17)28)49)86)28)49)34)67)14)45)82)38)15)30)55)89)23)48
Donnerstag  27.06.2007  Zahlen:
1)3)8)12)16)17)23)31)33)36)38)41)43)53)54)56)64)65)67)70
Freitag  28.06.2007  Zahlen:
0)3)4)72)40)05)55)29)29)92)88)85)01)52)85)40)45)89)03)76
Samstag  29.06.2007  Zahlen:
3)3)43)73)13)76)24)16)57)42)13)12)50)85)39)61)04)70)54)64
Dienstag  02.07.2007  Zahlen:
1)3)13)42)61)44)32)05)71)58)46)46)65)06)26)37)73)07)96)10
Mittwoch  03.07.2007  Zahlen:
8)7)4)89)46)82)20)14)76)29)15)87)48)66)17)51)97)46)55)32
Donnerstag  04.07.2007  Zahlen:
1)9)5)15)04)90)24)13)48)66)40)37)74)12)69)95)70)02)83)35
Freitag  05.07.2007  Zahlen:
8)7)7)9)37)31)20)26)16)82)23)63)71)28)92)24)18)24)18)63
Samstag  06.07.2007  Zahlen:
5)7)0)77)10)15)55)38)00)10)32)53)13)25)73)97)30)59)08)79
Montag  08.07.2007  Zahlen:
5)49)55)54)86)05)27)74)69)50)08)60)03)12)91)62)82)32)45)65
Dienstag  09.07.2007  Zahlen:
4)8)9)13)18)20)21)23)24)31)34)36)42)47)48)55)59)60)63)70
Mittwoch  10.07.2007  Zahlen:
1)0)30)92)50)39)88)93)21)71)10)28)01)53)28)44)96)29)54)75
Donnerstag  11.07.2007  Zahlen:
7)8)6)5)3)57)10)76)24)35)27)15)78)55)52)63)39)51)02)67
Freitag  12.07.2007  Zahlen:
8)4)0)8)62)41)52)53)91)29)21)30)06)77)83)64)92)51)32)01
Samstag  13.07.2007  Zahlen:
36)58)42)56)28)48)91)34)79)24)17)22)16)56)56)96)96)13)41)15
Montag  15.07.2007  Zahlen:
3)9)6)05)70)09)77)49)90)61)84)09)96)35)15)91)58)55)84)77
Dienstag  16.07.2007  Zahlen:
35)06)45)21)61)37)52)14)46)54)20)99)02)16)49)03)36)81)37)64
Mittwoch  17.07.2007  Zahlen:
5)9)1)5)56)98)88)85)37)27)32)18)49)20)13)03)84)47)68)53
Donnerstag  18.07.2007  Zahlen:
6)4)02)95)84)74)10)21)53)13)70)89)42)36)52)41)90)55)24)88
Freitag  19.07.2007  Zahlen:
3)2)57)43)26)63)88)89)63)30)86)48)92)57)82)64)06)01)69)95
Samstag  20.07.2007  Zahlen:
1)2)4)11)15)24)35)45)48)49)51)52)55)56)58)59)61)62)63)70
Montag  22.07.2007  Zahlen:
8)04)61)11)07)22)84)98)40)23)32)12)77)33)37)67)54)10)74)51
Dienstag  23.07.2007  Zahlen:
6)3)53)09)04)51)50)17)26)96)31)23)95)57)06)73)31)58)39)58
Mittwoch  24.07.2007  Zahlen:
1)9)7)26)73)10)36)98)69)59)73)48)09)12)63)69)70)71)27)09
Donnerstag  25.07.2007  Zahlen:
28)73)68)80)94)16)08)16)25)18)65)77)60)58)88)19)67)04)67)98
Freitag  26.07.2007  Zahlen:
0)1)3)4)92)05)67)97)33)87)13)09)42)47)99)38)73)18)98)15
Samstag  27.07.2007  Zahlen:
1)6)27)30)25)98)62)90)87)86)60)82)22)97)06)49)35)42)96)04
Montag  29.07.2007  Zahlen:
1)7)9)6)02)32)67)53)78)18)58)66)66)44)85)28)05)62)53)10
Dienstag  30.07.2007  Zahlen:
3)0)15)45)17)47)96)84)12)28)82)81)42)65)73)73)74)96)71)35
Mittwoch  31.07.2007  Zahlen:
4)1)8)69)88)04)32)93)04)60)02)12)09)04)64)66)15)57)96)62
Donnerstag  01.08.2007  Zahlen:
2)11)13)16)18)20)28)30)31)32)34)37)49)50)56)57)60)64)65)70
Freitag  02.08.2007  Zahlen:
6)9)4)5)31)91)54)28)67)85)34)36)39)49)82)12)08)32)65)38
Samstag  03.08.2007  Zahlen:
4)0)9)5)33)61)74)57)61)27)62)28)45)92)46)71)43)13)01)98
Montag  05.08.2007  Zahlen:
0)3)87)09)50)30)95)37)12)79)52)91)43)79)96)99)16)79)66)24
Dienstag  06.08.2007  Zahlen:
9)1)8)89)70)67)10)29)56)99)16)68)36)59)49)55)17)01)90)27
Mittwoch  07.08.2007  Zahlen:
5)58)65)68)23)02)66)94)37)99)50)63)83)25)82)67)05)45)12)03
Freitag  09.08.2007  Zahlen:
13)16)19)20)21)24)32)34)40)41)42)43)51)52)56)59)62)63)66)70
Samstag  10.08.2007  Zahlen:
02)79)08)96)56)08)17)80)45)30)64)53)97)34)48)66)33)19)68)19
Montag  12.08.2007  Zahlen:
7)6)6)22)28)35)89)78)85)14)12)27)39)47)03)00)22)03)20)41
Dienstag  13.08.2007  Zahlen:
6)48)26)16)58)70)10)18)18)44)54)86)65)78)66)24)07)05)22)62
Mittwoch  14.08.2007  Zahlen:
1)2)4)8)10)13)16)18)21)30)31)32)33)36)37)39)42)50)60)70
Donnerstag  15.08.2007  Zahlen:
1)3)6)15)18)23)28)33)36)38)41)44)45)53)55)60)61)66)69)70
Freitag  16.08.2007  Zahlen:
1)8)8)2)93)77)87)51)48)03)00)43)11)76)55)45)39)18)61)51
Samstag  17.08.2007  Zahlen:
8)2)95)92)99)59)56)17)10)45)56)68)30)59)57)28)94)95)46)77
Dienstag  20.08.2007  Zahlen:
9)2)78)12)02)59)76)85)02)51)19)64)76)41)64)95)96)17)18)56
Mittwoch  21.08.2007  Zahlen:
0)4)8)70)22)44)00)31)29)31)14)58)17)59)37)34)11)43)09)39
Donnerstag  22.08.2007  Zahlen:
4)9)8)5)89)37)51)08)18)25)44)22)74)93)37)91)41)93)18)25
Freitag  23.08.2007  Zahlen:
2)8)82)36)91)29)90)26)44)62)10)44)94)05)90)61)83)30)48)14
Samstag  24.08.2007  Zahlen:
6)0)54)19)01)27)74)49)90)66)25)45)95)70)16)59)61)19)73)56
Montag  26.08.2007  Zahlen:
3)56)92)62)87)06)90)61)64)60)60)34)21)00)83)14)35)63)33)22
Dienstag  27.08.2007  Zahlen:
7)1)42)39)40)18)20)81)47)60)11)79)56)96)36)36)21)26)35)84
Mittwoch  28.08.2007  Zahlen:
0)1)1)63)61)80)16)66)30)41)45)59)60)81)39)10)02)61)87)84
Donnerstag  29.08.2007  Zahlen:
3)10)13)15)17)19)28)30)31)33)41)42)53)54)56)61)63)67)68)70
Freitag  30.08.2007  Zahlen:
02)71)59)49)70)35)01)05)49)52)89)92)20)93)60)28)33)22)50)05
Samstag  31.08.2007  Zahlen:
6)99)65)49)61)41)75)36)92)91)52)39)60)99)77)54)05)18)42)74
Montag  02.09.2007  Zahlen:
3)7)6)14)02)55)26)67)05)84)04)39)28)24)79)66)00)83)15)37
Dienstag  03.09.2007  Zahlen:
4)3)8)14)40)16)43)54)97)06)82)56)47)11)83)36)05)78)89)54
Mittwoch  04.09.2007  Zahlen:
8)68)00)99)28)38)89)14)54)92)48)91)56)36)75)35)89)61)63)27
Donnerstag  05.09.2007  Zahlen:
2)62)27)00)76)95)54)11)91)22)36)67)07)68)24)01)18)80)05)52
Freitag  06.09.2007  Zahlen:
4)8)6)55)02)21)14)38)89)22)34)67)98)45)10)23)94)59)02)58
Samstag  07.09.2007  Zahlen:
1)7)6)92)89)10)52)65)95)67)59)75)29)14)83)48)54)61)02)03
Montag  09.09.2007  Zahlen:
4)7)8)20)46)11)32)63)82)72)01)46)92)36)60)34)90)79)28)77
Dienstag  10.09.2007  Zahlen:
4)47)51)76)27)96)08)61)77)03)98)10)42)83)36)13)69)32)50)54
Mittwoch  11.09.2007  Zahlen:
0)9)3)8)10)20)64)94)62)88)21)25)05)03)01)37)39)07)48)28
Donnerstag  12.09.2007  Zahlen:
1)6)8)40)06)17)75)57)50)75)84)85)28)09)07)25)85)17)03)13
Freitag  13.09.2007  Zahlen:
3)4)7)10)12)19)22)24)29)30)45)47)49)50)51)53)59)67)68)70
Samstag  14.09.2007  Zahlen:
0)9)3)16)68)87)18)21)19)28)43)88)02)15)70)96)01)95)82)94
Montag  16.09.2007  Zahlen:
3)0)8)5)02)35)07)52)85)13)55)15)10)25)04)07)07)59)15)95
Dienstag  17.09.2007  Zahlen:
9)5)44)72)41)12)60)82)83)49)40)93)34)58)83)33)38)00)67)15
Mittwoch  18.09.2007  Zahlen:
0)1)4)3)2)1)29)09)06)32)11)81)73)30)85)17)11)24)26)02
Donnerstag  19.09.2007  Zahlen:
9)01)90)28)70)59)80)04)77)48)64)21)06)65)73)90)01)88)76)95
Freitag  20.09.2007  Zahlen:
8)8)4)58)89)56)23)44)65)44)97)54)75)20)76)27)78)36)67)94
Samstag  21.09.2007  Zahlen:
8)8)7)0)9)91)87)11)99)80)24)77)30)36)14)83)27)22)17)61
Montag  23.09.2007  Zahlen:
3)0)88)88)19)34)46)68)21)26)64)54)24)46)60)47)56)17)53)72
Dienstag  24.09.2007  Zahlen:
1)2)5)6)10)16)17)19)26)27)30)31)32)36)38)41)47)56)63)65
Mittwoch  25.09.2007  Zahlen:
4)3)5)9)53)38)24)49)27)80)27)90)80)73)00)27)49)64)45)70
Donnerstag  26.09.2007  Zahlen:
2)3)94)45)31)52)90)99)42)71)61)69)37)27)08)72)68)24)77)29
Freitag  27.09.2007  Zahlen:
2)50)15)29)52)92)84)35)80)07)59)63)11)72)94)84)23)68)39)56
Samstag  28.09.2007  Zahlen:
1)3)1)1)6)2)85)96)18)46)52)25)47)10)69)98)67)75)33)62
Montag  30.09.2007  Zahlen:
4)5)7)72)75)40)75)56)84)78)30)76)29)35)97)94)92)08)75)01
Dienstag  01.10.2007  Zahlen:
3)1)7)8)3)58)08)55)62)41)57)88)38)91)32)17)27)43)03)25
Mittwoch  02.10.2007  Zahlen:
6)4)26)34)31)52)12)91)71)72)70)34)01)17)66)14)49)48)64)64
Donnerstag  03.10.2007  Zahlen:
3)8)1)20)91)00)60)79)87)46)96)70)38)19)54)12)30)23)27)87
Freitag  04.10.2007  Zahlen:
0)9)95)38)91)00)89)65)82)80)06)81)18)64)05)68)52)36)73)01
Samstag  05.10.2007  Zahlen:
7)9)05)46)32)33)76)10)89)50)18)62)88)22)32)60)06)55)61)06
Montag  07.10.2007  Zahlen:
4)62)16)76)68)98)99)33)21)38)88)21)28)46)66)76)25)35)02)77
Dienstag  08.10.2007  Zahlen:
6)6)82)95)57)23)85)60)12)20)54)96)56)33)53)76)21)56)80)83
Mittwoch  09.10.2007  Zahlen:
6)7)1)70)42)42)95)35)84)08)23)75)14)52)83)99)62)18)72)96
Donnerstag  10.10.2007  Zahlen:
0)6)4)99)65)41)65)50)34)80)61)18)83)10)18)16)60)62)45)17
Freitag  11.10.2007  Zahlen:
8)2)0)40)16)93)08)63)92)63)64)22)58)66)40)45)81)38)86)42
Samstag  12.10.2007  Zahlen:
3)9)10)22)97)11)02)01)72)32)92)28)75)59)85)69)52)58)54)23
Montag  14.10.2007  Zahlen:
2)36)73)58)50)34)57)19)78)58)56)49)39)78)65)42)05)25)06)05
Dienstag  15.10.2007  Zahlen:
7)4)49)58)10)70)50)78)00)76)90)96)79)30)08)01)02)60)85)78
Mittwoch  16.10.2007  Zahlen:
1)3)0)34)48)18)57)83)58)00)26)85)25)89)88)00)44)21)50)29
Donnerstag  17.10.2007  Zahlen:
7)9)14)22)24)26)27)31)38)40)44)50)51)53)54)57)59)61)68)70
Freitag  18.10.2007  Zahlen:
0)8)1)41)21)59)30)86)69)93)22)45)88)00)93)25)32)61)16)74
Samstag  19.10.2007  Zahlen:
65)27)65)19)02)06)18)34)42)42)98)60)10)91)66)39)82)38)93)70
Montag  21.10.2007  Zahlen:
6)1)06)17)08)62)82)58)27)92)93)37)64)36)87)17)16)70)33)68
Dienstag  22.10.2007  Zahlen:
01)32)89)19)40)16)79)21)61)17)36)55)34)92)64)36)99)57)34)26
Mittwoch  23.10.2007  Zahlen:
5)4)34)56)45)99)23)73)04)49)77)87)75)83)49)57)11)54)02)28
Donnerstag  24.10.2007  Zahlen:
1)8)4)75)93)16)85)55)01)55)79)92)21)26)31)19)09)51)83)71
Freitag  25.10.2007  Zahlen:
5)6)2)6)39)62)15)83)02)50)71)55)05)41)85)53)03)25)98)27
Samstag  26.10.2007  Zahlen:
9)0)39)59)21)11)73)13)23)82)36)49)54)32)37)97)64)57)24)72
Montag  28.10.2007  Zahlen:
8)00)16)48)77)65)37)85)88)94)05)31)01)76)36)00)25)02)38)66
Dienstag  29.10.2007  Zahlen:
6)3)18)70)57)35)58)80)02)02)26)48)87)52)13)18)33)99)26)95
Mittwoch  30.10.2007  Zahlen:
6)16)90)43)40)80)86)99)54)17)26)64)34)31)55)48)08)56)36)31
Donnerstag  31.10.2007  Zahlen:
2)4)5)11)13)14)17)18)27)29)31)41)48)51)54)58)61)65)66)70
Freitag  01.11.2007  Zahlen:
5)3)29)57)66)95)37)26)50)38)51)55)48)68)50)06)26)25)76)10
Samstag  02.11.2007  Zahlen:
4)7)2)21)25)61)50)56)82)74)94)18)66)07)43)26)96)26)69)79
Montag  04.11.2007  Zahlen:
08)71)59)63)64)24)34)56)04)34)29)41)44)90)47)31)96)31)05)58
Dienstag  05.11.2007  Zahlen:
78)10)11)82)73)75)03)78)19)01)44)51)74)68)15)38)05)51)74)24
Mittwoch  06.11.2007  Zahlen:
7)2)7)0)57)13)56)10)17)20)72)65)69)37)75)21)99)22)90)24
Donnerstag  07.11.2007  Zahlen:
7)5)7)8)5)02)58)61)23)25)83)21)79)32)75)86)85)68)57)31
Freitag  08.11.2007  Zahlen:
0)4)2)0)69)01)93)42)63)25)51)51)23)97)73)07)15)41)41)07
Samstag  09.11.2007  Zahlen:
79)26)38)57)18)29)47)73)36)50)68)97)08)25)71)58)50)54)35)92
Montag  11.11.2007  Zahlen:
9)2)4)56)54)18)95)17)14)52)11)74)63)52)29)13)44)28)62)83
Dienstag  12.11.2007  Zahlen:
9)7)83)03)25)28)48)97)55)42)01)96)56)12)12)88)46)88)51)45
Mittwoch  13.11.2007  Zahlen:
4)50)57)60)95)39)61)20)60)34)07)19)26)86)74)04)34)44)13)58
Donnerstag  14.11.2007  Zahlen:
1)5)13)16)22)27)29)31)34)36)37)39)43)45)48)56)61)64)67)70
Freitag  15.11.2007  Zahlen:
0)6)2)71)74)12)90)79)43)71)40)46)66)10)15)06)27)30)35)45
Samstag  16.11.2007  Zahlen:
3)16)21)25)26)28)29)31)35)36)39)46)51)52)53)54)59)61)64)70
Montag  18.11.2007  Zahlen:
8)9)2)1)1)8)26)83)36)22)00)08)87)01)22)44)70)34)14)52
Dienstag  19.11.2007  Zahlen:
8)8)57)58)99)48)59)63)84)27)80)36)21)63)62)26)64)83)96)19
Mittwoch  20.11.2007  Zahlen:
2)6)10)13)15)21)27)29)30)35)36)37)45)55)57)62)63)64)68)70
Donnerstag  21.11.2007  Zahlen:
8)6)5)1)60)19)49)79)16)44)81)80)66)85)22)21)18)55)45)01
Freitag  22.11.2007  Zahlen:
3)09)01)59)90)03)94)41)26)45)49)25)24)50)19)74)66)04)50)86
Samstag  23.11.2007  Zahlen:
5)7)4)12)79)23)32)75)32)08)37)83)12)51)01)89)24)57)27)27
Montag  25.11.2007  Zahlen:
1)2)85)10)00)49)18)16)75)95)23)12)10)11)16)50)37)70)32)55
Dienstag  26.11.2007  Zahlen:
6)6)16)79)72)70)48)65)33)49)60)36)89)91)72)37)98)56)24)85
Mittwoch  27.11.2007  Zahlen:
6)2)1)4)31)79)81)70)77)21)38)05)34)27)58)74)75)00)70)68
Donnerstag  28.11.2007  Zahlen:
7)1)40)04)52)67)62)66)68)22)19)23)63)78)81)54)11)01)19)02
Freitag  29.11.2007  Zahlen:
7)8)12)15)18)21)34)37)39)49)50)52)58)60)61)62)64)68)69)70
Samstag  30.11.2007  Zahlen:
0)9)08)43)02)38)68)87)35)52)20)90)59)29)61)71)46)32)00)55
Montag  02.12.2007  Zahlen:
8)4)8)3)34)62)65)54)65)29)45)20)89)36)94)52)12)89)56)87
Dienstag  03.12.2007  Zahlen:
0)0)6)14)47)07)42)59)05)99)05)80)98)50)42)45)81)03)35)91
Mittwoch  04.12.2007  Zahlen:
2)0)1)26)12)22)29)07)71)40)16)07)81)93)16)48)67)84)27)19
Donnerstag  05.12.2007  Zahlen:
6)7)4)83)37)94)41)93)09)23)25)91)08)99)96)32)50)65)32)02
Freitag  06.12.2007  Zahlen:
3)0)4)1)2)4)51)63)51)36)81)83)61)22)97)36)00)20)42)15
Samstag  07.12.2007  Zahlen:
4)2)25)73)89)25)65)53)66)24)63)35)19)07)40)78)02)20)26)18
Montag  09.12.2007  Zahlen:
95)05)71)39)18)69)92)19)38)60)82)93)45)47)75)03)71)65)45)79
Dienstag  10.12.2007  Zahlen:
8)76)47)64)31)76)29)38)88)18)19)95)43)79)04)12)94)70)77)17
Mittwoch  11.12.2007  Zahlen:
8)5)82)19)88)54)45)24)32)83)09)57)24)52)59)85)17)36)68)91
Donnerstag  12.12.2007  Zahlen:
7)3)5)95)56)26)05)49)38)13)20)13)18)43)23)93)21)09)61)09
Freitag  13.12.2007  Zahlen:
5)6)84)88)64)85)47)31)01)07)53)50)25)35)67)41)94)60)10)30
Samstag  14.12.2007  Zahlen:
2)6)79)58)76)42)70)95)05)87)75)99)48)46)22)46)87)49)39)37
Montag  16.12.2007  Zahlen:
5)3)3)97)89)45)74)93)98)56)00)98)58)28)30)40)70)90)57)38
Dienstag  17.12.2007  Zahlen:
0)0)9)35)32)01)37)57)31)32)29)64)12)86)40)16)34)03)52)13
Mittwoch  18.12.2007  Zahlen:
4)5)6)9)12)19)25)29)30)36)37)41)42)50)51)53)55)60)61)65
Donnerstag  19.12.2007  Zahlen:
3)14)17)21)24)31)36)37)38)41)43)45)46)51)52)58)61)62)64)70
Freitag  20.12.2007  Zahlen:
5)9)7)1)7)74)51)51)63)08)13)06)66)03)11)35)44)37)54)61
Samstag  21.12.2007  Zahlen:
9)8)0)04)42)28)64)34)38)46)68)14)16)21)32)09)18)80)59)84
Montag  23.12.2007  Zahlen:
4)8)12)18)19)20)27)30)32)36)38)48)50)54)55)59)61)62)64)70
Dienstag  24.12.2007  Zahlen:
7)36)50)69)51)36)68)78)05)83)69)72)76)84)11)88)17)97)76)96
Mittwoch  25.12.2007  Zahlen:
8)2)09)26)56)25)10)60)47)34)16)36)72)59)16)24)98)18)60)52
Donnerstag  26.12.2007  Zahlen:
1)7)4)1)7)08)63)33)32)12)52)56)55)71)92)44)05)71)41)76
Freitag  19,09,2008  Zahlen:
19)98)19)53)14)11)86)17)28)55)43)79)41)65)39)94)58)17)36)83
Samstag  28.12.2007  Zahlen:
3)7)3)64)02)54)49)25)69)39)31)01)77)24)89)71)55)03)70)66
Montag  30.12.2007  Zahlen:
5)97)70)77)30)61)35)27)00)83)89)71)82)80)61)79)32)55)23)10
Dienstag  31.12.2007  Zahlen:
3)4)3)77)23)14)81)35)77)73)55)20)41)52)46)54)97)28)14)45
Mittwoch  01.01.2008  Zahlen:
7)5)6)0)99)77)34)52)64)95)94)76)46)27)91)09)27)72)93)03
Donnerstag  02.01.2008  Zahlen:
2)91)47)71)37)90)05)38)01)65)45)09)45)70)79)50)39)88)63)36
Freitag  03.01.2008  Zahlen:
4)3)1)44)79)84)66)08)18)49)45)24)01)25)90)16)99)60)44)42
Samstag  04.01.2008  Zahlen:
2)4)6)29)30)31)32)34)37)41)42)45)48)52)53)54)59)61)69)70
Montag  06.01.2008  Zahlen:
0)71)27)48)72)12)90)65)43)79)50)34)89)23)20)83)37)91)28)54
Dienstag  07.01.2008  Zahlen:
9)2)0)5)97)35)98)64)87)07)25)40)06)78)91)47)67)31)52)01
Mittwoch  08.01.2008  Zahlen:
0)4)31)98)68)01)23)24)71)64)92)64)74)40)29)64)78)15)61)27
Donnerstag  09.01.2008  Zahlen:
2)4)5)06)46)62)66)43)58)66)59)28)31)24)62)58)62)43)04)10
Freitag  10.01.2008  Zahlen:
2)1)5)7)71)30)22)36)69)13)82)68)51)21)02)14)05)71)21)01
Samstag  11.01.2008  Zahlen:
6)3)0)3)60)89)06)32)84)58)68)10)60)69)85)47)81)11)13)73
Montag  13.01.2008  Zahlen:
7)4)24)64)38)20)85)57)18)65)79)01)31)50)59)26)96)49)01)07
Dienstag  14.01.2008  Zahlen:
0)3)54)90)67)34)83)07)54)14)90)27)61)22)20)80)00)60)05)92
Mittwoch  15.01.2008  Zahlen:
9)8)6)11)79)98)73)32)19)66)44)77)34)55)40)14)91)68)97)07
Donnerstag  16.01.2008  Zahlen:
3)0)1)7)71)03)82)62)65)37)80)35)76)50)59)71)21)24)56)25
Freitag  17.01.2008  Zahlen:
6)03)81)77)57)88)07)39)08)70)55)59)53)71)04)30)10)17)43)96
Samstag  18.01.2008  Zahlen:
4)9)0)26)21)17)44)58)57)31)71)70)50)89)98)62)92)05)36)80
Montag  20.01.2008  Zahlen:
6)1)49)04)78)90)20)76)32)78)31)79)40)43)16)35)38)47)74)37
Dienstag  21.01.2008  Zahlen:
6)5)0)1)28)37)49)31)65)67)00)28)73)06)87)10)33)10)43)25
Mittwoch  22.01.2008  Zahlen:
1)9)5)7)19)58)44)32)83)79)82)73)95)89)71)37)97)45)88)26
Donnerstag  23.01.2008  Zahlen:
6)6)0)9)75)76)59)81)72)38)69)91)86)18)36)57)45)23)50)11
Freitag  24.01.2008  Zahlen:
7)0)62)12)89)28)95)57)48)68)59)21)71)73)02)26)17)74)68)37
Samstag  25.01.2008  Zahlen:
8)5)50)88)50)97)29)79)53)94)72)90)69)10)13)40)29)62)84)11
Montag  27.01.2008  Zahlen:
5)9)10)11)12)14)17)21)31)35)36)39)43)46)50)52)53)58)65)70
Dienstag  28.01.2008  Zahlen:
4)9)74)95)26)74)12)93)25)33)17)98)57)35)46)44)75)78)21)16
Mittwoch  29.01.2008  Zahlen:
3)3)8)41)33)34)81)73)81)13)21)44)38)56)73)50)59)77)22)26
Donnerstag  30.01.2008  Zahlen:
2)9)87)32)30)85)52)32)55)26)37)54)49)69)93)73)40)27)66)83
Freitag  31.01.2008  Zahlen:
6)0)23)80)99)62)10)10)42)38)95)76)21)73)60)02)62)20)15)97
Samstag  01.02.2008  Zahlen:
3)4)6)8)14)19)20)25)28)29)38)46)54)56)58)61)62)67)68)70
Montag  03.02.2008  Zahlen:
4)43)08)26)63)18)86)24)24)18)85)92)62)63)66)06)73)40)03)05
Dienstag  04.02.2008  Zahlen:
7)4)8)90)52)72)27)01)59)77)95)90)15)23)68)52)04)72)01)46
Mittwoch  05.02.2008  Zahlen:
1)7)32)58)53)44)09)80)57)38)69)69)07)51)67)54)53)15)81)36
Donnerstag  06.02.2008  Zahlen:
5)2)25)80)54)02)76)81)22)12)22)68)96)11)45)83)89)20)03)70
Freitag  07.02.2008  Zahlen:
2)5)12)13)19)25)32)34)35)36)37)39)42)44)53)55)57)61)63)70
Samstag  08.02.2008  Zahlen:
6)0)4)40)51)04)44)47)36)15)85)91)00)10)34)66)45)24)08)23
Montag  10.02.2008  Zahlen:
1)0)7)6)26)63)65)10)66)96)60)43)36)73)50)99)20)16)39)23
Dienstag  11.02.2008  Zahlen:
6)2)5)71)96)74)15)74)07)62)57)30)50)45)60)52)47)49)19)85
Mittwoch  12.02.2008  Zahlen:
1)4)5)11)15)22)33)43)46)47)49)51)52)54)55)58)62)66)67)70
Donnerstag  13.02.2008  Zahlen:
3)3)3)4)99)73)71)13)89)74)80)52)45)58)73)91)18)29)36)60
Freitag  14.02.2008  Zahlen:
1)7)15)22)23)24)32)34)36)39)40)41)43)44)50)51)53)58)59)60
Samstag  15.02.2008  Zahlen:
7)11)12)14)19)21)24)27)28)30)35)44)49)50)51)58)63)65)69)70
Montag  17.02.2008  Zahlen:
7)62)48)66)99)59)26)31)58)64)76)93)80)64)32)99)27)24)37)11
Dienstag  18.02.2008  Zahlen:
5)2)80)62)51)14)38)25)44)74)78)15)98)13)23)18)14)97)38)45
Mittwoch  19.02.2008  Zahlen:
6)1)8)76)33)40)50)70)67)45)12)90)44)64)61)17)09)38)21)85
Donnerstag  20.02.2008  Zahlen:
6)1)4)46)37)31)78)64)50)11)26)39)23)49)88)80)58)48)11)66
Freitag  21.02.2008  Zahlen:
3)5)1)54)12)32)12)27)73)70)54)12)64)10)02)97)08)97)94)80
Samstag  22.02.2008  Zahlen:
3)9)5)7)0)53)11)93)46)15)11)16)36)91)98)86)82)00)62)34
Montag  24.02.2008  Zahlen:
5)3)81)32)94)12)27)71)65)63)90)35)79)76)79)93)71)15)91)12
Dienstag  25.02.2008  Zahlen:
4)1)00)33)17)81)20)36)07)26)71)00)58)06)55)14)08)10)54)80
Mittwoch  26.02.2008  Zahlen:
8)3)9)12)22)97)44)82)78)82)86)06)76)32)12)06)65)14)08)75
Donnerstag  27.02.2008  Zahlen:
4)0)4)0)45)15)65)51)28)27)13)06)67)54)08)65)08)09)08)72
Freitag  28.02.2008  Zahlen:
0)94)26)55)41)84)86)15)49)28)44)60)79)87)57)14)74)01)43)85
Samstag  29.02.2008  Zahlen:
9)3)06)82)90)64)39)43)04)18)66)44)63)77)32)84)84)60)80)32
Montag  02.03.2008  Zahlen:
1)0)3)0)1)74)02)64)08)25)26)43)85)37)62)23)53)71)20)66
Dienstag  03.03.2008  Zahlen:
2)3)8)10)11)17)26)31)32)35)37)39)46)50)55)57)58)60)68)70
Mittwoch  04.03.2008  Zahlen:
1)2)4)5)8)12)16)17)26)29)33)36)45)46)50)58)59)64)66)70
Donnerstag  05.03.2008  Zahlen:
6)6)4)01)06)69)64)33)70)88)75)85)20)50)06)34)20)82)65)98
Freitag  06.03.2008  Zahlen:
2)6)4)11)47)54)78)50)98)53)00)67)59)58)29)11)08)91)52)54
Samstag  07.03.2008  Zahlen:
4)8)46)99)21)68)74)07)53)97)02)07)32)69)76)68)88)17)74)71
Montag  09.03.2008  Zahlen:
3)89)25)09)23)77)17)74)14)45)49)16)86)06)83)26)00)65)97)15
Dienstag  10.03.2008  Zahlen:
1)9)6)40)70)91)95)46)98)69)83)95)36)51)58)20)88)38)49)62
Mittwoch  11.03.2008  Zahlen:
2)4)9)8)81)37)41)62)05)63)53)79)83)97)77)68)63)70)44)20
Donnerstag  12.03.2008  Zahlen:
4)38)62)22)88)70)82)35)36)82)65)49)67)54)85)17)61)01)24)65
Freitag  13.03.2008  Zahlen:
4)5)6)77)15)53)12)05)73)21)65)27)32)34)05)29)77)02)52)01
Samstag  14.03.2008  Zahlen:
8)6)23)84)41)43)70)27)77)09)61)89)05)90)78)42)45)59)33)50
Dienstag  16.03.09  Zahlen:
9)5)7)4)40)54)63)80)50)17)96)11)21)53)43)33)48)48)87)98
Dienstag  17.03.2008  Zahlen:
0)8)6)3)00)19)78)86)10)46)63)86)49)11)12)31)89)85)83)44
Mittwoch  18.03.2008  Zahlen:
8)3)98)03)91)88)10)99)07)16)32)83)34)65)39)89)72)96)51)07
Donnerstag  19.03.2008  Zahlen:
9)0)5)6)99)36)40)51)86)63)99)84)09)50)67)63)87)81)33)70
Freitag  20.03.2008  Zahlen:
6)9)56)24)86)67)02)89)24)52)99)24)41)93)23)97)66)68)54)64
Samstag  21.03.2008  Zahlen:
5)8)5)0)50)39)76)08)54)05)33)71)19)17)77)73)44)71)15)71
Montag  23.03.2008  Zahlen:
3)6)7)12)18)20)21)27)28)29)31)33)34)38)58)59)63)64)65)70
Dienstag  24.03.2008  Zahlen:
0)2)09)63)22)06)47)30)53)26)43)59)28)04)53)21)60)22)73)03
Mittwoch  25.03.2008  Zahlen:
7)7)63)70)35)57)01)79)79)09)54)09)58)07)34)06)06)89)17)68
Donnerstag  26.03.2008  Zahlen:
1)5)19)48)02)25)78)78)73)32)54)40)35)75)41)93)89)42)72)59
Freitag  27.03.2008  Zahlen:
2)3)7)62)10)52)76)64)55)83)41)57)58)48)89)52)39)52)83)49
Montag  30.03.2008  Zahlen:
5)8)10)16)22)23)31)32)35)44)52)55)57)60)61)63)65)66)67)70
    Zahlen:  6)5)31)29)17)93)91)10)12)47)99)88)10)62)79)07)13)82)00)01
Dienstag  31.03.2008  Zahlen:
7)1)94)59)24)16)07)16)33)37)75)27)63)23)23)16)98)53)22)94
Mittwoch  01.04.2008  Zahlen:
5)2)1)27)13)83)64)43)76)48)29)39)45)45)61)50)55)80)07)94
Donnerstag  02.04.2008  Zahlen:
5)6)6)7)79)52)19)00)43)71)14)84)35)48)32)54)15)20)53)09
Freitag  03.04.2008  Zahlen:
9)7)8)4)01)65)32)36)69)98)62)47)95)41)09)66)33)60)27)79
Samstag  04.04.2008  Zahlen:
5)1)3)6)0)61)04)00)37)12)98)63)14)97)89)13)37)24)66)90
Montag  06.04.2008  Zahlen:
0)40)19)15)01)28)44)01)86)59)39)70)04)53)39)01)90)32)63)48
Dienstag  07.04.2008  Zahlen:
3)6)8)11)21)22)27)33)35)42)44)45)47)49)50)51)60)61)69)70
Mittwoch  08.04.2008  Zahlen:
4)8)9)11)19)21)23)24)30)36)37)48)56)57)60)62)65)68)69)70
Donnerstag  09.04.2008  Zahlen:
9)58)68)74)34)77)48)05)36)69)79)36)77)90)39)59)78)97)94)52
Freitag  10.04.2008  Zahlen:
3)59)84)93)77)10)66)10)83)92)46)20)07)35)17)77)79)48)83)94
Samstag  11.04.2008  Zahlen:
3)8)01)73)80)01)03)56)32)74)51)09)79)07)31)91)57)36)44)72
Montag  13.04.2008  Zahlen:
5)6)8)86)53)48)64)92)67)06)78)25)30)24)68)11)59)06)01)61
Dienstag  14.04.2008  Zahlen:
1)5)7)5)12)51)97)71)99)75)88)59)07)37)44)55)55)84)87)87
Mittwoch  15.04.2008  Zahlen:
0)8)5)84)18)55)66)90)15)40)61)40)25)65)94)49)27)22)95)49
Donnerstag  16.04.2008  Zahlen:
2)9)2)87)91)98)99)14)53)68)16)11)60)69)10)36)45)35)83)74
Freitag  17.04.2008  Zahlen:
1)2)3)6)9)15)17)22)29)31)33)36)37)38)53)55)61)63)67)70
Samstag  18.04.2008  Zahlen:
4)8)5)30)99)93)21)17)46)59)85)83)71)65)29)14)76)66)54)38
Montag  20.04.2008  Zahlen:
10)12)13)14)19)23)29)33)36)37)38)40)43)45)51)52)55)63)69)70
Dienstag  21.04.2008  Zahlen:
6)9)4)14)03)18)16)33)84)72)21)81)17)25)45)12)09)00)20)89
Mittwoch  22.04.2008  Zahlen:
2)4)7)10)16)27)33)35)39)45)46)49)51)53)57)62)64)65)67)70
Donnerstag  23.04.2008  Zahlen:
3)4)82)03)64)09)06)57)83)19)29)93)24)47)51)35)28)96)32)80
Freitag  24.04.2008  Zahlen:
9)4)90)67)85)68)92)74)51)62)77)59)97)76)25)73)01)74)25)14
Samstag  25.04.2008  Zahlen:
8)2)7)6)13)97)06)43)71)20)32)33)83)11)21)83)95)34)76)17
Montag  27.04.2008  Zahlen:
1)5)00)96)11)03)65)58)84)92)48)06)27)39)76)95)44)70)57)31
Dienstag  28.04.2008  Zahlen:
4)6)46)43)81)92)78)34)64)59)72)21)54)28)25)81)32)57)02)53
Mittwoch  29.04.2008  Zahlen:
9)7)9)64)50)14)17)33)46)29)87)85)07)70)88)11)87)24)95)17
Donnerstag  30.04.2008  Zahlen:
8)2)8)11)34)71)95)93)32)82)01)87)87)12)96)23)89)68)00)31
Freitag  01.05.2008  Zahlen:
1)2)78)85)67)99)63)00)22)17)88)21)97)96)17)76)49)75)28)57
Samstag  02.05.2008  Zahlen:
9)3)13)78)18)16)72)64)98)21)33)18)81)29)88)08)63)99)12)62
Montag  04.05.2008  Zahlen:
5)9)5)69)71)63)55)50)52)70)33)21)00)73)03)40)58)54)35)93
Dienstag  05.05.2008  Zahlen:
8)50)69)73)99)86)19)16)05)10)52)33)83)34)42)98)57)09)53)83
Mittwoch  06.05.2008  Zahlen:
55)58)95)30)50)42)04)34)71)69)13)75)25)80)73)11)81)77)15)19
Donnerstag  07.05.2008  Zahlen:
5)7)28)33)33)55)15)03)12)08)17)89)82)30)28)71)54)90)10)62
Freitag  08.05.2008  Zahlen:
3)2)2)0)51)93)86)99)62)82)88)29)69)22)72)17)29)30)43)58
Samstag  09.05.2008  Zahlen:
3)7)0)90)18)78)61)24)06)21)94)81)80)84)06)98)65)47)88)56
Montag  11.05.2008  Zahlen:
7)9)42)86)74)86)53)73)78)76)14)07)86)65)02)67)07)08)41)59
Dienstag  12.05.2008  Zahlen:
10)11)13)22)26)33)36)39)40)41)43)45)48)54)55)56)61)62)68)70
Mittwoch  13.05.2008  Zahlen:
6)4)35)41)15)27)40)56)31)39)96)13)81)22)35)32)69)58)78)48
Donnerstag  14.05.2008  Zahlen:
6)8)10)12)16)25)27)38)39)42)43)48)51)55)56)59)62)64)67)70
Freitag  15.05.2008  Zahlen:
32)59)72)01)07)16)56)62)31)92)80)57)30)11)26)25)30)44)80)45
Samstag  16.05.2008  Zahlen:
3)06)61)18)65)26)69)93)09)98)97)21)68)97)29)08)23)46)50)78
Montag  18.05.2008  Zahlen:
8)4)5)34)94)77)37)14)16)31)98)98)35)04)02)72)47)70)17)55
Dienstag  19.05.2008  Zahlen:
6)6)4)3)8)28)80)34)48)33)18)54)35)04)76)60)64)61)03)99
Mittwoch  20.05.2008  Zahlen:
1)8)1)52)70)39)15)03)32)09)45)61)07)04)01)67)59)76)75)89
Donnerstag  21.05.2008  Zahlen:
1)7)72)22)07)06)72)82)75)55)69)53)26)64)15)95)09)66)12)58
Freitag  22.05.2008  Zahlen:
2)3)7)10)11)30)32)35)37)38)43)48)51)52)56)59)62)64)69)70
Samstag  23.05.2008  Zahlen:
3)7)10)14)19)26)29)32)33)34)36)40)41)49)58)62)63)64)66)70
Montag  25.05.2008  Zahlen:
09)88)97)30)99)12)34)19)32)10)05)62)84)08)89)06)56)14)82)67
Dienstag  26.05.2008  Zahlen:
99)61)23)51)05)60)47)60)14)30)01)88)01)07)48)57)10)99)47)87
Mittwoch  27.05.2008  Zahlen:
1)05)22)93)79)62)60)79)77)35)97)26)00)66)35)18)56)19)01)77
Donnerstag  28.05.2008  Zahlen:
4)94)42)41)37)47)09)84)05)03)83)44)72)94)86)93)03)83)69)05
Freitag  29.05.2008  Zahlen:
2)26)16)07)61)59)00)80)52)34)19)00)82)89)85)78)15)72)54)48
Samstag  30.05.2008  Zahlen:
2)9)5)7)35)13)88)49)06)85)69)19)73)46)98)92)89)02)22)02
Montag  01.06.2008  Zahlen:
2)5)5)10)76)03)24)61)07)60)54)42)95)48)72)99)70)98)01)50
Dienstag  02.06.2008  Zahlen:
4)9)2)46)01)08)52)48)94)53)56)97)31)46)60)18)62)20)23)55
Mittwoch  03.06.2008  Zahlen:
1)4)10)15)17)19)21)30)33)34)38)51)54)56)57)58)59)65)69)70
Donnerstag  04.06.2008  Zahlen:
2)8)58)28)94)14)07)83)29)56)35)88)42)66)66)10)74)20)16)05
Freitag  05.06.2008  Zahlen:
6)9)57)64)06)51)99)67)43)23)97)32)62)13)76)21)43)76)00)75
Samstag  06.06.2008  Zahlen:
1)5)6)13)14)18)19)21)25)32)37)39)44)45)47)58)59)61)65)70
Montag  08.06.2008  Zahlen:
3)4)5)83)98)02)34)49)58)91)21)04)28)39)41)81)66)10)95)66
Dienstag  09.06.2008  Zahlen:
4)1)99)44)22)29)49)89)64)42)00)31)47)53)76)15)03)77)10)91
Mittwoch  10.06.2008  Zahlen:
5)62)67)39)62)53)71)21)03)85)40)06)79)96)46)04)45)40)67)34
Donnerstag  11.06.2008  Zahlen:
6)5)8)4)1)09)93)54)78)82)61)96)12)55)30)06)15)10)18)59
Freitag  12.06.2008  Zahlen:
2)86)78)65)06)24)23)28)41)66)38)99)86)39)67)02)57)73)68)90
Samstag  13.06.2008  Zahlen:
2)8)14)18)28)32)38)39)45)47)49)52)55)56)61)63)64)65)66)70
Montag  15.06.2008  Zahlen:
4)1)58)72)91)86)34)78)47)37)77)97)70)72)01)64)97)25)15)18
Dienstag  16.06.2008  Zahlen:
2)5)4)70)12)50)62)34)18)09)62)75)18)85)24)40)07)89)50)67
Mittwoch  17.06.2008  Zahlen:
1)3)14)18)19)20)21)23)25)26)28)30)34)38)46)55)62)63)69)70
Donnerstag  18.06.2008  Zahlen:
1)7)16)17)33)36)38)39)42)43)44)45)48)51)57)58)61)62)69)70
Freitag  19.06.2008  Zahlen:
6)2)3)2)61)91)77)91)89)99)44)55)39)67)98)80)91)40)82)97
Montag  22.06.2008  Zahlen:
5)9)7)50)89)56)92)83)38)36)59)18)88)49)14)38)77)47)19)64
Dienstag  23.06.2008  Zahlen:
9)9)60)94)73)38)27)59)92)82)51)33)50)98)65)37)41)40)47)71
Mittwoch  24.06.2008  Zahlen:
0)4)6)82)62)79)87)44)14)92)72)77)04)74)31)15)93)56)50)21
Donnerstag  25.06.2008  Zahlen:
0)4)74)66)35)77)70)53)64)46)08)58)31)53)76)69)31)46)05)37
Freitag  26.06.2008  Zahlen:
5)5)2)89)45)00)33)77)63)17)91)96)88)94)80)94)59)14)48)64
Montag  29.06.2008  Zahlen:
4)9)12)12)60)41)79)14)33)41)39)18)54)17)59)20)45)45)25)89
Dienstag  30.06.2008  Zahlen:
7)8)6)6)9)06)39)49)97)77)54)99)96)17)50)64)20)72)27)07
Mittwoch  01.07.2008  Zahlen:
2)3)16)19)22)32)33)34)37)39)42)43)46)52)54)55)58)59)61)70
Donnerstag  02.07.2008  Zahlen:
3)17)68)72)86)16)65)85)47)18)78)49)22)99)69)38)39)34)03)82
Freitag  03.07.2008  Zahlen:
7)3)1)08)28)91)59)17)40)69)52)95)76)03)46)44)74)87)28)76
Samstag  04.07.2008  Zahlen:
1)7)5)60)04)95)39)09)36)40)42)90)67)20)19)33)34)81)41)45
Montag  06.07.2008  Zahlen:
0)1)67)82)47)41)86)86)74)46)19)25)21)99)35)93)09)24)85)43
Dienstag  07.07.2008  Zahlen:
0)8)5)35)91)74)43)73)70)49)46)02)45)17)20)48)08)01)93)14
Mittwoch  08.07.2008  Zahlen:
5)0)57)95)35)70)00)55)32)94)28)91)43)36)75)12)50)69)17)40
Donnerstag  09.07.2008  Zahlen:
0)92)14)38)49)54)82)82)70)83)94)87)28)32)85)28)47)78)42)30
Freitag  10.07.2008  Zahlen:
16)41)31)92)68)80)60)27)39)45)47)75)13)77)94)40)48)34)88)52
Samstag  11.07.2008  Zahlen:
8)6)9)3)76)92)38)54)35)38)25)43)36)96)41)09)54)37)36)33
Montag  13.07.2008  Zahlen:
3)4)9)8)5)19)23)97)77)83)27)22)43)56)83)32)60)76)24)59
Dienstag  14.07.2008  Zahlen:
4)5)9)2)17)26)36)53)58)38)35)88)61)36)35)27)61)69)21)08
Mittwoch  15.07.2008  Zahlen:
3)8)7)2)61)49)60)97)74)68)74)31)84)94)84)59)45)39)79)98
Donnerstag  16.07.2008  Zahlen:
9)5)6)02)72)49)18)60)14)21)07)16)01)92)28)87)15)00)55)32
Freitag  17.07.2008  Zahlen:
8)8)2)6)05)49)48)58)12)14)19)37)70)19)37)90)36)34)15)00
Samstag  18.07.2008  Zahlen:
9)70)94)09)23)50)68)25)89)52)28)54)53)10)89)48)64)94)54)84
Montag  20.07.2008  Zahlen:
1)53)87)71)69)71)33)73)30)42)05)90)41)63)36)22)07)42)56)45
Dienstag  21.07.2008  Zahlen:
4)1)6)54)85)89)83)22)68)93)67)68)13)87)14)06)89)44)03)69
Mittwoch  22.07.2008  Zahlen:
3)74)02)69)80)09)84)76)65)65)99)62)58)48)23)98)42)84)22)16
Donnerstag  23.07.2008  Zahlen:
8)01)58)49)34)02)23)53)41)27)14)12)20)19)91)66)31)42)49)38
Freitag  24.07.2008  Zahlen:
8)1)27)48)17)18)62)52)08)48)64)93)02)13)45)18)12)56)57)32
Samstag  25.07.2008  Zahlen:
2)0)0)3)46)29)93)19)61)17)31)84)51)17)52)80)62)04)59)01
Montag  27.07.2008  Zahlen:
7)6)8)77)81)94)61)80)37)98)20)30)17)88)81)36)74)75)04)08
Dienstag  28.07.2008  Zahlen:
0)7)6)61)63)91)94)74)41)86)82)17)29)24)43)34)07)76)66)22
Mittwoch  29.07.2008  Zahlen:
5)37)45)31)82)00)45)07)19)34)31)06)85)46)39)09)57)42)07)40
Donnerstag  30.07.2008  Zahlen:
1)7)94)55)16)75)55)92)44)71)33)63)69)66)73)92)81)80)61)95
Freitag  31.07.2008  Zahlen:
7)6)91)74)02)87)67)52)29)15)34)88)18)78)76)75)89)88)93)83
Samstag  01.08.2008  Zahlen:
2)81)58)26)39)24)87)82)21)16)73)19)13)21)52)44)19)21)91)74
Montag  03.08.2008  Zahlen:
6)06)34)49)66)27)02)03)50)92)28)35)26)39)92)83)33)09)83)54
Dienstag  04.08.2008  Zahlen:
1)75)46)58)81)76)30)91)96)47)35)75)29)82)96)45)74)05)38)60
Mittwoch  05.08.2008  Zahlen:
5)4)0)58)39)80)11)94)52)41)86)41)42)28)47)16)99)53)24)79
Donnerstag  06.08.2008  Zahlen:
3)6)4)11)48)34)61)60)22)66)54)00)17)66)51)40)13)55)25)77
Freitag  07.08.2008  Zahlen:
4)5)7)12)22)26)28)29)32)42)43)47)49)51)61)62)63)65)66)70
Samstag  08.08.2008  Zahlen:
1)3)8)9)12)26)29)30)31)36)40)42)47)48)59)61)62)65)67)70
Montag  10.08.2008  Zahlen:
5)7)12)13)16)25)32)37)38)41)44)45)50)51)56)57)63)67)68)70
Dienstag  11.08.2008  Zahlen:
3)5)90)77)75)32)18)30)04)07)39)95)34)41)73)27)97)52)45)38
Mittwoch  12.08.2008  Zahlen:
4)7)0)75)64)20)21)98)41)01)54)53)67)49)08)17)71)85)04)84
Donnerstag  13.08.2008  Zahlen:
8)2)1)1)8)05)32)42)56)59)32)47)76)78)91)59)72)34)92)36
Freitag  14.08.2008  Zahlen:
1)0)43)86)30)16)87)23)98)33)87)33)87)06)57)52)57)81)00)98
Samstag  15.08.2008  Zahlen:
6)9)6)0)13)26)93)68)09)56)90)98)52)66)87)30)63)75)16)72
Montag  17.08.2008  Zahlen:
2)4)95)00)86)32)49)34)05)33)56)39)23)27)08)21)71)37)57)21
Dienstag  18.08.2008  Zahlen:
5)55)99)52)80)97)62)22)26)03)09)36)72)91)21)41)98)76)81)82
Mittwoch  19.08.2008  Zahlen:
1)7)8)10)14)19)22)25)30)36)48)49)50)51)56)64)66)67)69)70
Donnerstag  20.08.2008  Zahlen:
0)9)41)89)23)74)40)66)70)58)26)18)27)69)11)13)68)98)99)87
Freitag  21.08.2008  Zahlen:
7)89)87)71)02)64)61)24)73)04)20)11)81)71)05)00)73)35)94)39
Samstag  22.08.2008  Zahlen:
1)3)4)7)13)21)23)25)30)31)36)39)45)48)53)54)58)62)69)70
Montag  24.08.2008  Zahlen:
12)16)17)18)20)21)24)25)30)31)35)38)40)48)49)53)63)66)68)70
Dienstag  25.08.2008  Zahlen:
2)9)9)92)25)52)92)77)95)16)63)96)72)97)66)52)69)99)65)83
Mittwoch  26.08.2008  Zahlen:
3)9)8)9)06)98)52)61)25)89)45)52)51)86)96)41)73)06)90)06
Donnerstag  27.08.2008  Zahlen:
9)04)61)55)03)00)13)29)74)79)62)94)34)00)42)80)43)21)00)39
Freitag  28.08.2008  Zahlen:
21)10)14)87)39)05)80)97)65)71)28)15)78)03)06)59)37)60)69)06
Samstag  29.08.2008  Zahlen:
6)8)23)98)64)37)22)49)26)97)39)04)82)08)14)50)67)48)16)17
Montag  31.08.2008  Zahlen:
2)4)5)6)8)13)19)25)31)32)34)36)37)40)48)54)55)58)59)65
Dienstag  01.09.2008  Zahlen:
6)9)14)16)18)19)20)30)32)36)47)48)49)51)52)56)58)60)61)65
Mittwoch  02.09.2008  Zahlen:
3)4)9)52)23)25)24)45)37)91)23)21)16)63)35)12)64)11)31)89
Donnerstag  03.09.2008  Zahlen:
2)2)5)3)62)93)10)64)35)97)48)75)73)20)37)62)58)29)56)68
Freitag  04.09.2008  Zahlen:
5)6)72)07)62)94)95)07)53)61)78)80)07)53)19)35)11)68)07)67
Samstag  05.09.2008  Zahlen:
2)14)21)41)61)56)48)18)43)19)99)20)59)06)27)93)60)61)83)76
Montag  07.09.2008  Zahlen:
8)0)3)8)5)48)81)82)21)91)63)08)18)10)00)49)31)69)40)65
Dienstag  08.09.2008  Zahlen:
4)8)8)8)3)39)92)34)12)04)71)18)32)07)61)76)91)59)34)69
Mittwoch  09.09.2008  Zahlen:
2)6)7)9)44)47)27)39)20)14)46)65)17)11)62)50)56)69)73)12
Donnerstag  10.09.2008  Zahlen:
6)10)18)21)22)25)31)32)33)37)39)40)43)58)59)60)62)64)67)70
Freitag  11.09.2008  Zahlen:
32)37)26)26)58)57)52)79)02)60)96)32)38)88)45)38)32)63)03)22
Samstag  12.09.2008  Zahlen:
1)3)4)5)6)8)28)34)35)40)43)44)48)49)50)58)61)68)69)70
Montag  14.09.2008  Zahlen:
7)1)31)55)47)14)13)75)59)12)77)17)91)05)38)15)26)75)03)91
    Zahlen:  0)0)0)0)0)0)0)0)0)0)0)0)0)0)0)0)0)0)0)0
Dienstag  15.09.2008  Zahlen:
8)8)92)68)96)52)04)31)03)13)68)55)71)75)46)04)71)63)85)98
Mittwoch  16.09.2008  Zahlen:
8)0)6)10)29)08)80)14)12)89)31)59)37)62)23)45)59)75)03)95
Donnerstag  17.09.2008  Zahlen:
1)64)54)89)99)28)25)82)15)43)29)30)72)94)11)30)14)15)58)23
Freitag  18.09.2008  Zahlen:
8)9)69)53)15)23)02)45)82)46)02)42)57)15)79)19)04)09)11)95
Samstag  19.09.2008  Zahlen:
3)85)09)83)64)44)84)36)48)08)13)84)25)70)15)96)77)20)23)76
Montag  21.09.2008  Zahlen:
2)94)99)86)45)17)36)08)24)28)88)71)31)60)10)22)63)89)62)59
Dienstag  22.09.2008  Zahlen:
3)6)11)16)23)26)29)30)31)32)35)42)45)48)51)59)60)66)68)70
Mittwoch  23.09.2008  Zahlen:
4)9)5)91)28)12)20)14)25)20)25)96)57)63)58)35)62)85)61)53
Donnerstag  24.09.2008  Zahlen:
5)1)7)8)95)97)52)57)96)07)49)22)25)15)72)54)46)91)21)13
Freitag  25.09.2008  Zahlen:
2)3)7)9)13)20)28)31)32)33)34)35)38)39)41)51)53)55)58)60
Samstag  26.09.2008  Zahlen:
9)77)29)88)26)11)06)48)77)60)94)91)69)11)32)97)64)16)30)51
Montag  28.09.2008  Zahlen:
4)8)2)1)98)54)52)45)83)31)76)96)21)93)20)75)58)01)56)40
Dienstag  29.09.2008  Zahlen:
5)4)6)16)85)75)36)95)15)32)77)24)27)08)34)20)99)10)10)58
Mittwoch  30.09.2008  Zahlen:
4)6)11)12)21)22)31)39)41)44)48)53)55)58)59)61)64)65)66)70
Donnerstag  01.10.2008  Zahlen:
1)4)5)7)8)10)22)24)25)43)48)52)54)56)57)58)59)61)69)70
Freitag  02.10.2008  Zahlen:
2)9)10)02)17)17)00)61)55)35)39)72)87)52)46)61)45)65)64)48
Samstag  03.10.2008  Zahlen:
6)9)29)09)22)06)38)46)89)67)97)59)55)21)62)62)64)78)26)22
Montag  05.10.2008  Zahlen:
5)7)89)98)53)13)65)36)63)21)28)87)70)88)58)48)31)53)22)63
Dienstag  06.10.2008  Zahlen:
2)3)17)17)00)93)44)79)75)90)68)54)23)80)87)89)97)11)20)12
Mittwoch  07.10.2008  Zahlen:
1)3)6)8)10)11)13)15)19)26)29)31)33)38)42)44)49)61)62)65
Donnerstag  08.10.2008  Zahlen:
8)0)7)32)55)43)50)98)91)88)40)51)48)75)41)04)60)51)97)22
Freitag  09.10.2008  Zahlen:
9)3)05)60)97)53)34)91)64)77)87)98)41)42)00)53)21)99)35)68
Samstag  10.10.2008  Zahlen:
6)9)8)4)85)44)74)55)71)61)19)22)71)83)38)34)76)87)88)36
Montag  12.10.2008  Zahlen:
2)3)61)08)78)03)97)36)25)83)16)10)73)95)29)21)02)68)47)77
Dienstag  13.10.2008  Zahlen:
7)2)4)6)32)76)06)75)27)66)32)72)90)11)27)18)20)04)15)93
Mittwoch  14.10.2008  Zahlen:
4)2)3)4)89)82)58)42)06)29)10)46)98)85)09)26)86)46)50)83
Donnerstag  15.10.2008  Zahlen:
6)4)56)42)18)87)66)88)90)67)92)99)00)80)21)77)81)53)28)20
Freitag  16.10.2008  Zahlen:
2)3)12)16)21)27)31)33)36)38)42)43)45)48)52)58)59)63)64)65
Samstag  17.10.2008  Zahlen:
7)5)11)12)80)99)40)91)18)77)61)46)29)29)61)54)51)87)72)38
Montag  19.10.2008  Zahlen:
5)7)8)7)2)50)11)64)37)44)22)00)91)38)75)45)69)96)12)68
Dienstag  20.10.2008  Zahlen:
6)6)57)46)68)18)23)49)18)71)97)26)39)91)39)21)17)33)33)97
Mittwoch  21.10.2008  Zahlen:
13)56)84)48)91)03)96)59)57)26)07)75)84)97)24)98)78)54)65)40
Donnerstag  22.10.2008  Zahlen:
3)5)49)05)73)19)07)24)93)45)92)56)93)32)80)73)17)98)60)20
Freitag  23.10.2008  Zahlen:
0)6)9)9)0)3)26)69)47)81)68)17)08)36)52)78)80)78)10)28
Samstag  24.10.2008  Zahlen:
8)74)26)40)63)60)45)77)89)21)55)13)92)66)69)76)60)73)92)21
Montag  26.10.2008  Zahlen:
7)3)3)2)75)26)87)10)54)95)68)40)89)14)93)79)78)32)03)88
Dienstag  27.10.2008  Zahlen:
8)79)66)72)41)66)21)92)46)38)55)61)12)13)00)75)96)96)30)57
Mittwoch  28.10.2008  Zahlen:
7)7)89)87)52)92)58)47)23)70)47)18)92)41)40)93)09)38)26)03
Donnerstag  29.10.2008  Zahlen:
1)3)21)27)54)68)56)14)75)23)76)65)96)31)22)53)37)67)82)99
Freitag  30.10.2008  Zahlen:
1)1)42)59)50)00)97)88)46)14)00)28)47)91)32)86)88)51)28)78
Samstag  31.10.2008  Zahlen:
1)2)8)9)11)18)21)22)24)33)36)41)43)46)51)52)54)57)65)70
Montag  02.11.2008  Zahlen:
6)28)29)30)32)34)37)38)39)40)49)52)56)59)60)61)63)67)68)70
Dienstag  03.11.2008  Zahlen:
2)2)63)75)30)70)82)04)06)11)96)30)91)32)96)98)13)05)58)77
Mittwoch  04.11.2008  Zahlen:
6)7)8)9)14)18)23)27)28)30)35)39)40)49)52)55)56)64)66)70
Donnerstag  05.11.2008  Zahlen:
3)2)21)54)98)07)01)06)38)37)84)93)29)23)76)73)21)91)28)27
Freitag  06.11.2008  Zahlen:
2)4)5)7)8)15)17)18)19)31)36)47)50)51)52)57)60)62)69)70
Samstag  07.11.2008  Zahlen:
7)5)4)5)54)47)03)71)81)48)32)01)81)53)02)81)79)40)10)43
Montag  09.11.2008  Zahlen:
2)7)3)7)9)66)57)65)43)54)31)69)02)33)27)46)33)31)05)18
Dienstag  10.11.2008  Zahlen:
1)9)9)68)24)45)28)41)65)33)31)78)44)50)88)74)22)22)28)10
Mittwoch  11.11.2008  Zahlen:
3)11)15)18)23)28)30)31)32)33)35)40)41)45)46)47)55)56)61)70
Donnerstag  12.11.2008  Zahlen:
6)8)69)30)92)91)98)27)92)95)58)89)66)83)23)67)19)84)06)99
Freitag  13.11.2008  Zahlen:
8)3)71)42)11)23)31)35)08)88)75)42)59)46)25)42)82)73)47)80
Samstag  14.11.2008  Zahlen:
6)9)5)51)98)56)40)55)45)15)44)06)98)93)46)45)71)84)27)05
Montag  16.11.2008  Zahlen:
8)04)10)90)18)84)69)93)97)57)24)39)00)67)85)00)82)27)06)12
Dienstag  17.11.2008  Zahlen:
3)1)0)66)16)64)82)05)00)24)63)52)60)26)58)44)73)13)75)56
Mittwoch  18.11.2008  Zahlen:
40)48)23)97)47)01)44)51)56)66)25)78)53)66)36)10)36)75)36)00
Donnerstag  19.11.2008  Zahlen:
2)8)2)87)07)90)64)70)22)05)60)21)90)27)64)88)35)39)82)57
Freitag  20.11.2008  Zahlen:
0)2)42)63)05)00)39)36)28)18)92)51)25)01)63)39)63)85)24)30
Samstag  21.11.2008  Zahlen:
3)4)26)71)05)80)32)26)53)84)43)84)35)24)80)75)77)47)49)62
Montag  23.11.2008  Zahlen:
3)1)7)53)19)49)14)75)41)58)11)05)77)72)22)73)53)64)00)24
Dienstag  24.11.2008  Zahlen:
6)3)9)14)95)37)11)55)02)49)52)32)72)85)09)06)29)76)34)44
Mittwoch  25.11.2008  Zahlen:
6)1)62)40)20)11)16)86)29)83)27)65)36)60)14)98)57)18)30)29
Donnerstag  26.11.2008  Zahlen:
0)9)3)4)56)74)83)79)04)47)22)92)38)76)49)59)58)25)52)63
Freitag  27.11.2008  Zahlen:
6)5)4)70)04)00)37)53)39)79)68)18)61)57)03)76)46)00)31)90
Samstag  28.11.2008  Zahlen:
1)2)10)11)16)18)26)34)38)39)45)46)47)50)55)59)60)64)66)70
Montag  30.11.2008  Zahlen:
0)7)46)23)39)65)53)08)42)17)61)29)04)35)65)23)76)13)04)19
Dienstag  01.12.2008  Zahlen:
0)70)13)48)96)52)36)10)43)07)28)16)46)05)49)11)89)99)04)76
Mittwoch  02.12.2008  Zahlen:
5)1)01)91)27)83)61)97)76)51)97)37)90)16)70)44)24)41)20)19
Donnerstag  03.12.2008  Zahlen:
20)63)34)23)27)89)67)18)82)18)66)52)97)70)42)09)01)49)75)31
Freitag  04.12.2008  Zahlen:
9)7)4)7)5)88)33)56)09)63)18)09)45)90)82)79)30)95)48)80
Samstag  05.12.2008  Zahlen:
9)2)9)2)77)58)68)45)41)11)04)11)86)87)26)89)48)05)26)95
Montag  07.12.2008  Zahlen:  0)0)0)0)0)0)0)0)0)0)0)0)0)0)0)0)0)0)0)0
Dienstag  08.12.2008  Zahlen:  0)0)0)0)0)0)0)0)0)0)0)0)0)0)0)0)0)0)0)0
Mittwoch  09.12.2008  Zahlen:  0)0)0)0)0)0)0)0)0)0)0)0)0)0)0)0)0)0)0)0
Donnerstag  10.12.2008  Zahlen:
0)0)0)0)0)0)0)0)0)0)0)0)0)0)0)0)0)0)0)0
Freitag  11.12.2008  Zahlen:  0)0)0)0)0)0)0)0)0)0)0)0)0)0)0)0)0)0)0)0
Samstag  12.12.2008  Zahlen:  0)0)0)0)0)0)0)0)0)0)0)0)0)0)0)0)0)0)0)0
Montag  14.12.2008  Zahlen:  0)0)0)0)0)0)0)0)0)0)0)0)0)0)0)0)0)0)0)0
Dienstag  15.12.2008  Zahlen:  0)0)0)0)0)0)0)0)0)0)0)0)0)0)0)0)0)0)0)0
Mittwoch  16.12.2008  Zahlen:  0)0)0)0)0)0)0)0)0)0)0)0)0)0)0)0)0)0)0)0
Donnerstag  17.12.2008  Zahlen:
0)0)0)0)0)0)0)0)0)0)0)0)0)0)0)0)0)0)0)0
Freitag  18.12.2008  Zahlen:  0)0)0)0)0)0)0)0)0)0)0)0)0)0)0)0)0)0)0)0
Samstag  19.12.2008  Zahlen:  0)0)0)0)0)0)0)0)0)0)0)0)0)0)0)0)0)0)0)0
Montag  21.12.2008  Zahlen:  0)0)0)0)0)0)0)0)0)0)0)0)0)0)0)0)0)0)0)0
Dienstag  22.12.2008  Zahlen:  0)0)0)0)0)0)0)0)0)0)0)0)0)0)0)0)0)0)0)0
Mittwoch  23.12.2008  Zahlen:  0)0)0)0)0)0)0)0)0)0)0)0)0)0)0)0)0)0)0)0
Donnerstag  24.12.2008  Zahlen:
0)0)0)0)0)0)0)0)0)0)0)0)0)0)0)0)0)0)0)0
Freitag  25.12.2008  Zahlen:  0)0)0)0)0)0)0)0)0)0)0)0)0)0)0)0)0)0)0)0
Samstag  26.12.2008  Zahlen:  0)0)0)0)0)0)0)0)0)0)0)0)0)0)0)0)0)0)0)0
Montag  28.12.2008  Zahlen:  0)0)0)0)0)0)0)0)0)0)0)0)0)0)0)0)0)0)0)0
Dienstag  29.12.2008  Zahlen:  0)0)0)0)0)0)0)0)0)0)0)0)0)0)0)0)0)0)0)0
Mittwoch  30.12.2008  Zahlen:  0)0)0)0)0)0)0)0)0)0)0)0)0)0)0)0)0)0)0)0
Donnerstag  31.12.2008  Zahlen:
0)0)0)0)0)0)0)0)0)0)0)0)0)0)0)0)0)0)0)0
Freitag  01.01.2009  Zahlen:  0)0)0)0)0)0)0)0)0)0)0)0)0)0)0)0)0)0)0)0
Samstag  02.01.2009  Zahlen:  0)0)0)0)0)0)0)0)0)0)0)0)0)0)0)0)0)0)0)0
Montag  04.01.2009  Zahlen:  0)0)0)0)0)0)0)0)0)0)0)0)0)0)0)0)0)0)0)0
Dienstag  05.01.2009  Zahlen:  0)0)0)0)0)0)0)0)0)0)0)0)0)0)0)0)0)0)0)0
Mittwoch  06.01.2009  Zahlen:  0)0)0)0)0)0)0)0)0)0)0)0)0)0)0)0)0)0)0)0
Donnerstag  07.01.2009  Zahlen:
0)0)0)0)0)0)0)0)0)0)0)0)0)0)0)0)0)0)0)0
Freitag  08.01.2009  Zahlen:  0)0)0)0)0)0)0)0)0)0)0)0)0)0)0)0)0)0)0)0
Samstag  09.01.2009  Zahlen:  0)0)0)0)0)0)0)0)0)0)0)0)0)0)0)0)0)0)0)0
Montag  11.01.2009  Zahlen:  0)0)0)0)0)0)0)0)0)0)0)0)0)0)0)0)0)0)0)0
Dienstag  12.01.2009  Zahlen:  0)0)0)0)0)0)0)0)0)0)0)0)0)0)0)0)0)0)0)0
Mittwoch  13.01.2009  Zahlen:  0)0)0)0)0)0)0)0)0)0)0)0)0)0)0)0)0)0)0)0
Donnerstag  14.01.2009  Zahlen:
0)0)0)0)0)0)0)0)0)0)0)0)0)0)0)0)0)0)0)0
Freitag  15.01.2009  Zahlen:  0)0)0)0)0)0)0)0)0)0)0)0)0)0)0)0)0)0)0)0
Samstag  16.01.2009  Zahlen:  0)0)0)0)0)0)0)0)0)0)0)0)0)0)0)0)0)0)0)0
Montag  18.01.2009  Zahlen:
0)1)94)98)90)28)89)75)34)69)93)83)37)01)43)52)47)23)68)37
Dienstag  19.01.2009  Zahlen:
1)2)3)11)12)13)15)18)21)23)27)38)39)43)44)50)61)65)67)70
Mittwoch  20.01.2009  Zahlen:
3)76)19)80)22)49)02)95)95)67)60)29)94)23)53)11)01)03)66)97
Donnerstag  21.01.2009  Zahlen:
5)5)4)80)10)35)81)99)18)30)37)08)09)27)09)30)08)22)55)61
Freitag  22.01.2009  Zahlen:
1)8)2)75)37)58)88)90)55)05)59)94)09)92)42)07)72)13)20)36
Samstag  23.01.2009  Zahlen:
5)30)60)69)97)09)39)08)61)87)81)23)71)02)28)02)12)61)67)34
Montag  25.01.2009  Zahlen:
9)10)12)13)16)17)18)22)27)29)32)35)39)41)46)48)53)55)57)60
Dienstag  26.01.2009  Zahlen:
2)7)3)91)53)57)55)21)88)97)31)96)84)22)91)89)69)06)08)48
Mittwoch  27.01.2009  Zahlen:
7)4)6)3)90)79)98)27)39)22)90)70)19)76)35)31)76)29)05)45
Donnerstag  28.01.2009  Zahlen:
9)13)14)15)20)23)27)33)40)41)43)44)45)48)49)58)61)68)69)70
Freitag  29.01.2009  Zahlen:
7)8)16)18)22)24)25)35)37)38)44)45)47)51)55)56)57)63)64)70
Samstag  30.01.2009  Zahlen:
1)2)78)24)28)06)72)53)63)52)79)49)79)17)13)46)21)32)26)79
Montag  01.02.2009  Zahlen:
7)3)5)14)46)95)41)89)09)85)95)00)67)68)56)82)35)62)73)72
Dienstag  02.02.2009  Zahlen:
2)7)8)9)13)51)44)82)23)84)25)80)16)86)41)28)04)12)78)12
Mittwoch  03.02.2009  Zahlen:
6)5)8)73)41)63)89)81)46)22)85)80)56)12)91)48)93)84)88)34
Donnerstag  04.02.2009  Zahlen:
6)0)1)67)32)20)46)78)16)74)54)24)85)32)99)41)55)74)75)89
Freitag  05.02.2009  Zahlen:
1)7)9)11)12)16)20)22)24)28)29)30)34)46)50)54)55)56)68)70
Samstag  06.02.2009  Zahlen:
11)13)15)20)24)29)32)37)38)39)44)46)50)53)58)60)62)63)64)70
Montag  08.02.2009  Zahlen:
2)2)28)85)15)31)55)84)25)60)11)21)67)11)25)98)46)06)75)14
Dienstag  09.02.2009  Zahlen:
0)12)95)40)32)77)76)66)95)30)25)50)69)00)77)72)39)75)60)93
Mittwoch  10.02.2009  Zahlen:
7)9)6)2)22)13)56)89)25)00)67)40)41)98)09)08)39)19)05)87
Donnerstag  11.02.2009  Zahlen:
8)0)1)99)12)76)56)60)69)99)61)95)87)88)98)09)45)32)12)23
Freitag  12.02.2009  Zahlen:
3)5)4)75)71)17)05)51)27)44)01)16)93)70)35)27)75)95)35)31
Samstag  13.02.2009  Zahlen:
5)7)9)3)10)34)72)12)14)45)01)37)61)80)50)73)33)30)91)27
Montag  15.02.2009  Zahlen:
5)05)98)69)25)41)52)51)78)92)78)05)07)14)22)52)90)34)02)64
Dienstag  16.02.2009  Zahlen:
4)9)9)72)16)74)03)95)32)74)28)93)51)23)35)73)12)69)28)16
Mittwoch  17.02.2009  Zahlen:
1)6)1)35)31)58)82)18)04)78)51)15)31)56)80)96)21)85)47)02
Donnerstag  18.02.2009  Zahlen:
0)2)1)9)62)27)16)00)70)27)69)57)19)10)64)94)35)66)61)55
Freitag  19.02.2009  Zahlen:
4)5)3)64)50)76)49)08)43)41)37)56)11)51)11)13)95)41)17)43
Samstag  20.02.2009  Zahlen:
2)1)1)21)50)24)78)20)92)34)99)98)40)28)84)74)20)28)21)83
Montag  22.02.2009  Zahlen:
3)3)3)92)72)09)23)03)79)90)42)79)02)44)13)80)68)64)77)82
Dienstag  23.02.2009  Zahlen:
1)6)7)14)16)23)25)27)31)32)36)37)40)51)58)59)62)68)69)70
Mittwoch  24.02.2009  Zahlen:
1)8)9)10)14)18)22)24)29)32)38)39)44)51)54)56)57)59)65)70
Donnerstag  25.02.2009  Zahlen:
9)5)5)84)23)97)64)60)95)41)67)03)00)68)51)53)84)72)47)07
Freitag  26.02.2009  Zahlen:
4)1)8)75)21)16)53)09)11)46)60)12)51)06)48)59)28)67)12)65
Samstag  27.02.2009  Zahlen:
3)7)3)33)21)47)25)24)53)76)68)53)79)86)59)66)73)78)77)83
Montag  01.03.2009  Zahlen:
8)20)25)26)27)30)31)32)33)34)39)41)46)47)49)50)51)52)63)70
Dienstag  02.03.2009  Zahlen:
2)4)13)14)16)20)25)26)28)31)33)40)51)53)55)56)60)65)68)70
Mittwoch  03.03.2009  Zahlen:
5)2)6)73)88)41)74)56)95)44)40)33)06)51)75)62)59)25)97)78
Donnerstag  04.03.2009  Zahlen:
2)6)7)17)19)20)26)30)34)35)36)37)47)59)60)63)65)68)69)70
Freitag  05.03.2009  Zahlen:
4)7)01)61)00)53)97)32)39)88)70)07)44)23)68)73)17)42)90)10
Samstag  06.03.2009  Zahlen:
3)8)9)18)20)21)23)26)32)39)40)41)46)53)55)57)58)63)69)70
Montag  08.03.2009  Zahlen:
8)7)77)44)26)21)23)92)31)00)59)35)21)57)53)45)95)11)78)59
Dienstag  09.03.2009  Zahlen:
1)2)3)89)47)36)58)36)71)00)93)18)92)17)14)36)42)88)86)34
Mittwoch  10.03.2009  Zahlen:
3)0)3)6)29)88)26)68)88)84)57)88)84)19)49)75)84)35)33)11
Donnerstag  11.03.2009  Zahlen:
7)2)5)11)94)26)16)79)39)24)61)46)26)74)02)07)50)34)92)23
Freitag  12.03.2009  Zahlen:
1)2)5)6)11)13)14)21)24)25)33)38)40)48)55)56)61)66)69)70
Samstag  13.03.2009  Zahlen:
3)4)5)10)14)15)16)19)25)26)35)37)38)41)48)50)51)52)59)60
Montag  15.03.2009  Zahlen:
5)7)0)00)52)76)07)62)91)77)54)37)51)42)00)04)15)47)35)57
Dienstag  16.03.2009  Zahlen:
2)6)12)15)16)19)21)28)31)32)35)39)48)49)50)52)57)62)63)65
Mittwoch  17.03.2009  Zahlen:
3)5)9)04)52)94)59)67)95)39)97)85)88)30)02)76)45)58)42)27
Donnerstag  18.03.2009  Zahlen:
7)6)8)8)3)82)88)22)22)34)94)78)92)86)01)69)13)15)40)92
Freitag  19.03.2009  Zahlen:
7)7)8)3)66)65)01)99)70)61)58)18)47)50)05)96)18)46)05)29
Samstag  20.03.2009  Zahlen:
5)8)54)78)83)54)95)06)47)29)27)67)63)94)31)40)93)68)85)44
Montag  22.03.2009  Zahlen:
05)70)16)95)38)72)58)16)53)49)23)90)79)87)79)59)87)63)35)20
Dienstag  23.03.2009  Zahlen:
4)6)4)43)32)68)02)36)73)77)86)78)03)53)28)00)86)64)43)72
Mittwoch  24.03.2009  Zahlen:
5)8)08)82)02)16)79)02)14)97)82)30)24)38)85)52)14)96)50)63
Donnerstag  25.03.2009  Zahlen:
0)5)70)46)67)53)79)95)17)41)99)29)57)55)97)23)12)56)69)13
Freitag  26.03.2009  Zahlen:
6)0)0)2)05)24)15)61)69)25)97)57)62)42)42)59)10)59)87)33
Samstag  27.03.2009  Zahlen:
3)2)6)84)02)66)45)00)94)26)00)79)86)68)21)49)93)32)86)98
Montag  29.03.2009  Zahlen:
9)5)85)20)37)62)63)92)43)86)61)68)63)60)62)02)11)95)45)80
Dienstag  30.03.2009  Zahlen:
6)6)6)04)21)76)94)28)46)20)17)95)94)88)30)40)78)83)26)07
Mittwoch  31.03.2009  Zahlen:
9)14)96)02)05)67)64)40)24)00)48)28)36)94)25)77)50)36)20)73
Donnerstag  01.04.2009  Zahlen:
1)1)0)3)24)26)19)95)23)70)22)93)16)45)95)30)64)03)24)01
Freitag  02.04.2009  Zahlen:
8)3)9)8)04)30)41)84)26)30)44)23)28)14)84)28)98)10)74)45
Samstag  03.04.2009  Zahlen:
8)14)52)81)11)69)33)52)88)81)19)67)57)02)21)14)19)76)47)24
Montag  05.04.2009  Zahlen:
0)0)3)75)19)83)35)15)83)88)78)50)19)45)21)53)08)77)42)49
Dienstag  06.04.2009  Zahlen:
7)16)20)27)29)31)33)35)36)44)47)53)54)56)60)62)64)66)67)70
Mittwoch  07.04.2009  Zahlen:
3)2)4)3)7)68)92)53)19)07)52)52)45)18)64)69)22)84)14)31
Donnerstag  08.04.2009  Zahlen:
1)79)41)44)36)44)64)80)04)94)21)88)28)85)29)42)77)39)65)16
Freitag  09.04.2009  Zahlen:
5)6)0)76)24)65)62)61)49)58)17)47)43)01)64)05)73)17)58)20
Samstag  10.04.2009  Zahlen:
1)1)38)75)26)57)76)01)66)77)12)92)80)92)81)69)63)93)78)37
Montag  12.04.2009  Zahlen:
9)9)9)22)82)89)29)10)58)79)02)34)56)15)68)50)67)99)73)35
Dienstag  13.04.2009  Zahlen:
7)8)0)37)07)03)97)79)51)39)95)92)34)02)83)02)35)46)03)97
Mittwoch  14.04.2009  Zahlen:
7)2)6)5)81)17)64)98)24)17)72)07)04)45)55)56)96)01)88)70
Donnerstag  15.04.2009  Zahlen:
8)8)9)4)41)45)48)02)56)10)64)93)34)50)23)17)22)78)77)65
Freitag  16.04.2009  Zahlen:
84)67)49)52)17)49)09)59)42)16)00)54)66)57)25)45)76)96)05)61
Samstag  17.04.2009  Zahlen:
5)13)18)22)23)24)32)33)39)43)45)49)50)51)56)58)59)61)68)70
Montag  19.04.2009  Zahlen:
3)6)2)9)8)56)12)96)56)49)18)17)91)42)72)52)35)77)16)58
Dienstag  20.04.2009  Zahlen:
0)9)0)46)75)46)50)44)97)95)77)93)13)96)68)74)48)57)24)85
Montag  21.04.2019  Zahlen:
2)8)9)28)61)71)19)37)98)65)67)47)18)69)86)84)35)89)91)21
Donnerstag  22.04.2009  Zahlen:
6)7)45)96)71)93)06)99)65)77)73)77)36)13)48)51)44)20)19)70
Freitag  23.04.2009  Zahlen:
0)3)5)24)65)20)45)90)58)39)92)69)43)42)99)29)15)69)84)72
Samstag  24.04.2009  Zahlen:
5)4)75)63)97)13)05)02)55)26)11)77)94)47)89)61)99)21)70)66
Montag  26.04.2009  Zahlen:
1)66)58)36)64)57)11)74)77)04)96)52)89)63)99)08)31)38)71)75
Dienstag  27.04.2009  Zahlen:
2)2)4)4)84)81)89)04)64)13)10)63)46)24)58)55)06)99)35)02
Mittwoch  28.04.2009  Zahlen:
3)8)03)64)84)19)16)43)31)76)97)21)61)57)40)62)79)45)53)80
Donnerstag  29.04.2009  Zahlen:
7)10)11)15)22)24)31)32)33)34)36)37)38)40)43)46)55)60)68)70
Freitag  30.04.2009  Zahlen:
2)2)6)27)29)22)71)28)99)72)50)22)92)91)51)47)78)14)07)75
Samstag  01.05.2009  Zahlen:
5)90)59)63)00)76)59)91)02)50)16)60)23)24)51)58)75)67)90)35
Montag  03.05.2009  Zahlen:
0)56)79)74)08)63)45)78)93)58)48)16)99)82)79)04)07)08)72)38
Dienstag  04.05.2009  Zahlen:
3)10)12)17)24)27)32)35)36)37)39)40)41)43)51)53)57)64)66)70
Mittwoch  05.05.2009  Zahlen:
0)6)5)99)66)13)61)80)95)10)77)94)39)17)37)27)11)55)20)33
Donnerstag  06.05.2009  Zahlen:
2)3)80)46)81)83)46)49)86)83)33)62)98)91)81)07)78)04)57)68
Freitag  07.05.2009  Zahlen:
5)40)82)93)87)77)02)65)85)19)28)33)76)12)51)39)15)52)17)45
Samstag  08.05.2009  Zahlen:
7)6)1)85)32)22)61)62)17)18)79)44)97)47)81)31)99)94)16)06
Montag  10.05.2009  Zahlen:
1)3)6)8)26)29)37)39)43)48)52)54)57)59)60)62)66)67)69)70
Dienstag  11.05.2009  Zahlen:
6)5)91)82)32)73)85)98)49)40)25)80)55)60)23)31)23)64)10)04
Mittwoch  12.05.2009  Zahlen:
4)8)10)11)12)14)16)18)27)42)43)44)49)50)51)55)58)62)66)70
Donnerstag  13.05.2009  Zahlen:
7)4)46)71)43)91)98)01)31)38)57)01)80)42)93)71)95)46)75)40
Freitag  14.05.2009  Zahlen:
1)10)20)56)32)38)32)18)64)38)43)56)74)03)91)30)33)54)12)75
Samstag  15.05.2009  Zahlen:
2)9)16)92)09)17)42)21)94)47)06)97)78)74)41)94)58)12)23)98
Montag  17.05.2009  Zahlen:
5)8)4)23)87)77)95)83)58)36)30)81)78)03)08)73)90)66)08)85
Dienstag  18.05.2009  Zahlen:
1)2)5)9)15)19)20)25)26)31)37)48)50)52)54)57)59)63)64)70
Mittwoch  19.05.2009  Zahlen:
4)8)29)73)04)63)93)30)32)23)76)44)88)13)87)12)52)34)57)56
Donnerstag  20.05.2009  Zahlen:
1)6)1)5)04)86)17)09)05)71)57)31)01)74)62)21)61)46)12)37
Freitag  21.05.2009  Zahlen:
1)5)8)16)21)23)26)28)37)38)39)43)47)50)52)53)59)62)63)70
Samstag  22.05.2009  Zahlen:
7)1)38)40)30)80)45)08)20)86)61)14)09)58)56)50)04)28)11)19
Montag  24.05.2009  Zahlen:
6)8)2)97)73)97)48)85)02)44)57)64)69)16)78)29)92)26)47)08
Dienstag  25.05.2009  Zahlen:
4)6)7)8)20)21)28)30)36)37)38)49)50)57)61)62)65)66)68)70
Mittwoch  26.05.2009  Zahlen:
6)19)24)31)32)33)34)35)39)44)54)55)56)58)59)61)63)67)68)70
Donnerstag  27.05.2009  Zahlen:
6)4)2)7)16)82)10)44)90)37)60)84)90)34)67)98)86)81)43)01
Freitag  28.05.2009  Zahlen:
9)87)19)77)25)28)06)65)82)65)39)49)76)99)58)26)70)13)50)74
Samstag  29.05.2009  Zahlen:
7)2)42)11)02)69)89)15)88)19)75)24)54)05)15)41)31)69)46)50
Montag  31.05.2009  Zahlen:
7)11)12)19)20)22)23)27)34)35)37)42)43)46)53)55)57)58)60)65
Dienstag  01.06.2009  Zahlen:
6)5)3)14)66)45)15)37)44)54)69)51)71)43)89)65)67)73)43)50
Mittwoch  02.06.2009  Zahlen:
3)8)6)22)91)12)98)18)50)76)24)85)70)76)75)05)03)74)45)31
Donnerstag  03.06.2009  Zahlen:
0)8)2)1)0)85)08)74)04)23)93)41)95)01)00)79)68)04)24)06
Freitag  04.06.2009  Zahlen:
3)3)3)27)83)84)16)20)62)67)49)23)90)05)18)46)12)20)01)24
Samstag  05.06.2009  Zahlen:
6)1)97)02)84)79)61)23)62)20)14)49)89)81)76)15)53)79)12)34
Montag  07.06.2009  Zahlen:
6)18)28)78)14)44)55)67)70)00)66)38)56)51)18)33)71)76)44)34
Dienstag  08.06.2009  Zahlen:
7)0)52)61)99)36)12)18)59)84)29)47)69)63)43)44)87)21)41)70
Mittwoch  09.06.2009  Zahlen:
4)6)15)30)31)33)37)38)39)40)47)54)55)58)63)64)65)66)69)70
Donnerstag  10.06.2009  Zahlen:
9)89)67)85)57)25)71)81)72)79)99)00)98)97)04)55)13)69)74)19
Freitag  11.06.2009  Zahlen:
8)5)68)28)05)21)88)09)98)09)88)41)60)56)66)19)75)27)52)98
Samstag  12.06.2009  Zahlen:
1)3)9)27)31)33)35)36)37)41)47)49)54)57)58)59)64)67)68)70