Keno Zahlen 25.9.2007 bis 23.5.2010 Fahnenschmidt Feichtinger

Die Keno-Ziehungen vom  25.09.2007  bis  23.05.2010
25.09.2007  Zahlen:
5)0)3)3)32)85)57)76)83)50)66)12)08)83)87)64)22)10)73)38
26.09.2007  Zahlen:
5)8)54)75)03)14)36)56)67)59)91)05)56)92)85)14)53)12)14)60
27.09.2007  Zahlen:
2)7)2)89)97)86)53)84)68)70)81)78)74)30)80)93)36)28)07)88
28.09.2007  Zahlen:
7)12)13)14)20)21)22)24)33)35)37)39)40)44)53)57)60)61)67)70
29.09.2007  Zahlen:
5)9)7)34)46)13)40)32)26)25)01)51)29)62)48)47)94)59)63)80
30.09.2007  Zahlen:
9)4)52)44)97)84)17)30)79)60)42)98)15)20)49)99)78)56)76)00
02.10.2007  Zahlen:
98)11)09)64)74)96)23)92)39)33)52)41)87)53)78)90)55)24)50)97
03.10.2007  Zahlen:
4)5)8)5)25)04)91)38)68)50)76)42)10)76)57)81)25)96)62)27
04.10.2007  Zahlen:
3)0)9)69)51)73)26)78)02)20)61)86)42)97)54)87)16)99)36)21
05.10.2007  Zahlen:
1)3)4)6)30)54)98)06)54)51)39)26)07)83)61)36)50)21)12)59
06.10.2007  Zahlen:
3)10)12)19)20)23)25)31)35)36)37)43)45)50)54)58)62)67)68)70
07.10.2007  Zahlen:
7)7)4)3)6)92)07)25)27)58)71)41)86)51)51)85)00)33)12)82
09.10.2007  Zahlen:
3)0)25)19)49)32)70)34)29)51)03)77)39)53)76)70)79)30)16)44
10.10.2007  Zahlen:
1)7)83)37)67)93)42)83)68)71)45)00)23)91)52)29)48)72)50)60
11.10.2007  Zahlen:
8)0)1)8)2)95)76)19)27)87)04)19)02)03)61)22)25)12)71)91
12.10.2007  Zahlen:
4)1)72)16)41)36)69)01)11)65)25)30)88)08)66)88)67)58)05)60
13.10.2007  Zahlen:
7)15)23)26)29)30)36)38)41)46)47)53)54)58)59)60)62)63)64)65
14.10.2007  Zahlen:
8)0)0)4)57)32)90)97)16)16)87)23)29)17)53)55)07)97)50)19
16.10.2007  Zahlen:
6)5)3)8)0)0)81)63)46)22)76)42)67)99)02)59)96)12)89)80
17.10.2007  Zahlen:
5)3)83)99)39)66)56)79)83)97)37)01)93)44)35)88)21)65)49)90
18.10.2007  Zahlen:
0)2)4)83)88)06)78)53)74)36)13)07)44)81)29)72)83)65)73)46
19.10.2007  Zahlen:
4)6)3)6)10)96)72)87)56)71)94)35)27)14)21)93)86)83)55)52
20.10.2007  Zahlen:
1)2)6)7)9)13)18)22)26)27)31)33)41)42)51)57)59)60)68)70
21.10.2007  Zahlen:
8)5)5)3)45)53)81)63)32)12)93)25)94)31)39)45)33)89)44)15
23.10.2007  Zahlen:
6)8)76)56)28)36)23)64)97)84)02)70)95)99)81)06)19)20)97)76
24.10.2007  Zahlen:
8)8)0)79)29)41)18)79)63)33)08)08)83)66)25)78)64)12)52)57
25.10.2007  Zahlen:
4)2)8)96)82)35)87)56)91)96)96)39)05)82)57)91)00)54)55)62
26.10.2007  Zahlen:
4)5)6)14)17)29)31)32)33)34)42)44)49)53)54)57)58)59)66)70
27.10.2007  Zahlen:
1)6)7)15)18)20)25)27)31)35)36)42)46)48)49)53)60)65)67)70
28.10.2007  Zahlen:
7)8)7)85)58)06)96)81)34)07)68)55)00)34)62)57)69)35)68)57
30.10.2007  Zahlen:
8)6)2)3)7)64)15)34)96)59)68)90)51)49)96)62)42)89)95)94
31.10.2007  Zahlen:
9)50)88)97)88)77)28)24)14)04)30)43)29)78)49)23)79)72)27)46
01.11.2007  Zahlen:
3)7)8)10)17)25)27)29)30)34)37)38)39)41)42)51)55)63)64)65
02.11.2007  Zahlen:
9)8)2)9)3)35)51)99)61)78)47)38)44)66)60)45)19)98)35)19
03.11.2007  Zahlen:
8)8)6)87)30)66)51)20)96)12)95)06)62)34)46)93)13)70)21)25
04.11.2007  Zahlen:
4)3)4)39)51)11)87)73)31)86)14)40)71)27)63)91)79)37)40)68
06.11.2007  Zahlen:
0)6)1)59)86)00)60)80)90)24)07)22)23)96)43)80)96)82)27)11
07.11.2007  Zahlen:
5)7)8)11)13)16)18)25)32)36)37)41)45)47)56)57)62)68)69)70
08.11.2007  Zahlen:
3)0)74)90)89)00)84)60)98)33)36)14)44)17)74)98)09)76)96)12
09.11.2007  Zahlen:
1)0)37)24)78)92)60)01)60)93)67)27)43)80)81)55)52)32)39)19
10.11.2007  Zahlen:
6)4)0)6)50)27)90)87)08)01)67)59)84)29)25)31)18)85)98)88
11.11.2007  Zahlen:
4)4)7)9)81)14)76)58)27)71)52)79)46)69)19)00)29)28)20)25
13.11.2007  Zahlen:
3)03)58)98)98)82)66)78)46)30)52)00)86)50)26)27)49)66)29)01
14.11.2007  Zahlen:
8)4)20)31)86)85)97)06)41)07)37)90)23)02)58)34)32)18)81)01
15.11.2007  Zahlen:
6)2)5)4)40)66)19)96)74)80)02)18)02)12)00)06)58)13)47)16
16.11.2007  Zahlen:
2)4)35)13)41)35)96)88)17)02)08)60)99)18)80)93)40)63)49)66
17.11.2007  Zahlen:
8)2)87)81)16)15)59)93)10)70)18)01)85)72)85)39)36)79)15)20
18.11.2007  Zahlen:
1)1)4)69)49)14)94)16)45)20)81)51)24)11)79)68)41)59)04)82
20.11.2007  Zahlen:
2)4)2)3)38)51)20)67)88)95)18)44)39)40)77)94)20)42)53)42
21.11.2007  Zahlen:
6)7)3)35)72)74)07)13)01)24)53)64)15)78)25)12)57)18)34)90
22.11.2007  Zahlen:
1)4)5)07)57)77)72)92)61)65)23)21)45)98)95)12)05)90)38)46
23.11.2007  Zahlen:
4)9)80)28)35)30)55)14)45)82)49)99)04)58)71)61)93)53)92)33
24.11.2007  Zahlen:
5)4)3)09)44)04)62)51)34)65)45)01)32)47)54)59)47)73)24)83
25.11.2007  Zahlen:
03)10)90)45)84)02)42)64)36)99)67)84)41)94)01)29)47)07)66)44
27.11.2007  Zahlen:
6)4)1)6)3)15)13)80)01)37)49)23)63)07)74)08)94)20)08)56
28.11.2007  Zahlen:
3)1)04)33)65)15)62)66)73)90)41)46)41)32)39)19)38)42)11)63
29.11.2007  Zahlen:
1)5)45)33)88)16)19)75)28)32)88)50)02)07)98)50)86)35)48)52
30.11.2007  Zahlen:
2)1)9)3)91)42)44)37)65)45)20)23)43)13)53)08)99)65)00)58
01.12.2007  Zahlen:
0)2)33)68)72)05)25)63)00)33)54)27)93)58)87)53)74)78)90)24
02.12.2007  Zahlen:
6)6)0)39)56)68)32)68)57)22)86)78)78)25)14)12)57)56)31)56
04.12.2007  Zahlen:
6)0)8)59)26)58)85)93)69)77)86)44)92)24)27)10)96)65)26)58
05.12.2007  Zahlen:
0)21)13)35)17)28)58)66)58)38)62)89)80)87)56)22)45)04)67)16
06.12.2007  Zahlen:
8)5)90)97)34)91)80)59)56)96)39)05)48)29)30)21)02)62)13)00
07.12.2007  Zahlen:
6)7)10)17)29)32)33)37)39)40)44)45)48)51)56)58)60)61)66)70
08.12.2007  Zahlen:
4)5)6)20)92)76)46)70)46)34)92)38)99)03)26)80)32)12)89)95
09.12.2007  Zahlen:
1)16)17)19)21)25)26)27)30)31)34)35)36)40)41)48)50)55)58)60
11.12.2007  Zahlen:
1)7)9)14)20)28)32)36)38)40)47)53)54)55)56)58)60)64)68)70
12.12.2007  Zahlen:
4)8)5)6)48)58)34)79)08)03)20)29)76)61)97)46)84)71)19)97
13.12.2007  Zahlen:
0)3)47)44)93)33)04)26)22)33)00)65)20)71)03)85)61)84)38)67
14.12.2007  Zahlen:
4)18)87)10)78)31)23)01)59)84)08)38)33)74)41)43)90)11)10)72
15.12.2007  Zahlen:
2)0)17)49)22)62)31)30)09)36)02)06)59)65)50)85)67)83)08)08
16.12.2007  Zahlen:
3)9)05)46)99)54)53)27)75)03)31)22)39)50)17)20)48)19)58)70
18.12.2007  Zahlen:
7)6)79)85)31)03)96)40)97)56)61)75)64)20)43)93)32)07)13)97
19.12.2007  Zahlen:
0)2)0)34)83)79)37)28)11)79)21)96)09)37)00)01)97)12)05)83
20.12.2007  Zahlen:
8)4)23)12)90)33)24)58)91)60)93)82)12)02)46)70)87)54)38)49
21.12.2007  Zahlen:
9)0)22)58)14)46)29)09)92)24)68)52)18)87)39)96)78)06)60)96
22.12.2007  Zahlen:
5)6)8)9)18)23)24)25)28)31)41)43)48)55)58)60)62)65)69)70
23.12.2007  Zahlen:
3)8)04)76)83)33)98)93)83)05)02)18)00)21)07)69)20)42)98)01
25.12.2007  Zahlen:
6)18)30)61)53)49)02)00)41)50)18)05)46)58)16)73)39)64)86)45
26.12.2007  Zahlen:
1)5)6)11)17)20)30)36)37)40)41)46)50)52)54)58)59)66)69)70
27.12.2007  Zahlen:
6)0)1)53)84)10)81)95)55)73)96)03)99)10)43)16)84)83)14)11
28.12.2007  Zahlen:
5)6)1)32)44)79)91)47)86)95)74)31)42)02)19)51)55)09)54)86
29.12.2007  Zahlen:
6)3)56)26)59)51)28)93)27)86)82)28)10)73)21)13)66)01)84)09
30.12.2007  Zahlen:
1)6)6)5)96)94)62)13)60)89)06)06)03)06)72)07)27)23)19)82
01.01.2008  Zahlen:
3)25)76)41)28)90)28)93)34)58)31)75)18)74)14)27)88)40)87)81
02.01.2008  Zahlen:
8)45)09)04)07)84)71)85)82)18)08)29)95)26)51)60)97)31)76)00
03.01.2008  Zahlen:
4)3)1)65)97)73)79)06)13)66)83)85)99)02)26)56)78)96)67)65
04.01.2008  Zahlen:
2)4)11)12)21)22)29)33)35)40)45)50)53)55)57)59)63)66)68)70
05.01.2008  Zahlen:
4)4)4)09)60)62)44)25)04)78)40)11)27)95)02)63)80)19)52)29
06.01.2008  Zahlen:
77)75)92)36)35)58)04)34)17)10)43)83)47)96)11)57)91)08)34)60
08.01.2008  Zahlen:
4)10)11)13)15)18)25)30)32)34)37)39)40)59)61)64)65)66)68)70
09.01.2008  Zahlen:
4)8)7)63)44)57)03)20)65)34)43)75)61)13)58)78)24)68)22)16
10.01.2008  Zahlen:
1)6)4)05)47)81)66)53)43)01)35)15)62)98)82)00)14)54)40)97
11.01.2008  Zahlen:
4)6)2)8)0)32)12)46)79)98)37)72)05)39)61)99)68)26)80)36
12.01.2008  Zahlen:
3)7)10)19)26)28)31)32)34)37)41)42)50)56)57)59)60)66)67)70
13.01.2008  Zahlen:
6)4)9)21)16)39)15)48)15)10)86)47)92)09)83)77)39)34)59)04
15.01.2008  Zahlen:
7)4)51)49)02)07)00)01)33)11)68)73)03)88)37)13)91)27)58)41
16.01.2008  Zahlen:
4)6)9)1)70)99)80)71)36)91)77)48)42)31)77)00)73)72)92)64
17.01.2008  Zahlen:
8)8)1)5)5)4)70)86)44)75)58)45)09)85)69)22)59)90)25)78
18.01.2008  Zahlen:
3)5)14)15)22)25)27)29)31)32)37)38)41)42)45)61)63)66)69)70
19.01.2008  Zahlen:
0)3)1)46)44)57)60)15)59)52)75)27)90)65)89)15)29)39)29)00
20.01.2008  Zahlen:
8)3)4)7)8)91)02)75)46)89)74)56)90)08)07)71)39)25)24)24
22.01.2008  Zahlen:
9)9)7)6)87)61)05)81)68)58)85)41)24)14)99)88)66)60)12)74
23.01.2008  Zahlen:
76)26)17)45)62)23)80)91)82)23)64)86)61)47)85)06)17)71)88)76
24.01.2008  Zahlen:
1)6)9)12)18)25)26)30)32)33)34)38)40)41)44)46)51)55)63)70
25.01.2008  Zahlen:
2)57)18)07)37)91)08)69)20)54)04)95)46)01)49)75)70)33)83)28
26.01.2008  Zahlen:
9)0)7)96)40)54)32)15)93)13)73)81)28)93)29)97)64)63)72)43
27.01.2008  Zahlen:
1)3)4)8)9)27)38)79)78)91)44)36)34)89)66)53)79)54)72)49
29.01.2008  Zahlen:
9)60)38)52)88)01)47)47)14)09)59)49)47)87)23)76)36)63)22)94
30.01.2008  Zahlen:
6)2)2)90)23)52)55)67)28)48)34)77)93)96)25)89)26)48)17)90
31.01.2008  Zahlen:
6)8)59)77)08)33)78)80)05)32)89)19)03)57)29)55)15)25)94)47
01.02.2008  Zahlen:
2)3)0)8)47)34)49)31)43)19)29)06)98)16)68)38)23)97)62)34
02.02.2008  Zahlen:
2)2)9)72)40)40)68)90)89)54)28)67)29)45)48)72)77)67)97)21
03.02.2008  Zahlen:
0)35)37)38)98)93)04)53)84)30)86)54)56)64)33)85)08)93)97)79
05.02.2008  Zahlen:
1)5)8)11)16)17)18)19)24)31)35)45)48)50)51)52)60)65)67)70
06.02.2008  Zahlen:
7)63)91)05)86)51)26)97)36)20)38)56)80)09)53)27)26)13)48)21
07.02.2008  Zahlen:
3)2)5)25)73)21)16)49)47)79)18)44)20)97)81)26)22)55)55)33
08.02.2008  Zahlen:
4)4)13)14)06)55)07)39)57)42)07)24)81)21)27)78)09)07)07)04
09.02.2008  Zahlen:
4)6)26)76)66)68)56)81)27)09)23)56)06)78)00)45)51)89)49)84
10.02.2008  Zahlen:
8)87)52)46)23)06)12)67)31)65)67)09)29)03)43)70)97)99)47)97
12.02.2008  Zahlen:
9)11)13)16)17)18)19)21)22)23)27)31)43)48)56)59)60)61)62)70
13.02.2008  Zahlen:
38)22)69)14)03)35)01)04)75)62)80)23)99)52)50)58)73)77)77)04
14.02.2008  Zahlen:
7)15)20)21)29)33)36)38)42)49)50)55)59)60)62)66)67)68)69)70
15.02.2008  Zahlen:
1)0)1)9)72)50)75)29)29)29)59)68)82)61)02)59)55)36)54)50
16.02.2008  Zahlen:
1)3)4)7)9)21)24)25)29)32)33)49)51)52)53)54)62)66)67)70
17.02.2008  Zahlen:
5)3)5)42)39)57)16)99)12)64)76)24)87)59)27)96)61)10)42)89
19.02.2008  Zahlen:
4)4)0)57)21)32)12)88)02)77)41)06)04)24)48)85)00)54)74)27
20.02.2008  Zahlen:
7)6)1)76)47)71)94)72)94)40)84)63)72)34)71)95)11)40)00)12
21.02.2008  Zahlen:
5)0)71)09)86)10)07)49)71)95)36)87)52)97)12)32)66)54)89)10
22.02.2008  Zahlen:
3)2)58)85)82)69)57)06)24)42)14)34)70)59)10)98)54)76)65)11
23.02.2008  Zahlen:
6)6)5)97)39)96)95)51)71)82)50)65)24)48)98)41)72)04)74)34
24.02.2008  Zahlen:
6)3)7)3)2)72)63)54)56)70)99)20)88)22)07)25)72)43)60)66
26.02.2008  Zahlen:
9)3)0)65)96)32)75)29)28)57)47)67)27)94)44)01)97)94)67)81
27.02.2008  Zahlen:
1)2)4)19)21)23)25)33)34)35)36)46)47)49)59)61)64)65)66)70
28.02.2008  Zahlen:
1)0)9)8)01)13)42)04)94)40)58)13)49)39)27)49)49)64)72)54
29.02.2008  Zahlen:
7)46)06)02)97)89)68)52)03)30)24)15)87)93)19)00)39)75)45)45
01.03.2008  Zahlen:
2)5)48)00)39)44)39)78)52)79)31)11)93)30)56)88)00)52)26)99
02.03.2008  Zahlen:
4)5)8)9)14)21)23)27)35)37)38)39)45)46)47)49)54)55)68)70
04.03.2008  Zahlen:
9)1)2)4)14)06)42)70)65)37)71)04)23)87)89)43)78)42)34)41
05.03.2008  Zahlen:
7)8)10)11)21)13)26)33)42)43)44)46)48)49)51)54)59)63)68)70
06.03.2008  Zahlen:
3)0)19)65)34)65)01)50)76)87)64)43)57)80)96)81)31)06)19)83
07.03.2008  Zahlen:
1)6)7)10)23)28)30)36)38)39)40)44)45)48)49)51)56)58)62)70
08.03.2008  Zahlen:
2)7)11)13)14)15)26)27)33)35)40)47)48)51)56)61)67)68)69)70
09.03.2008  Zahlen:
19)75)78)75)36)31)27)27)08)88)39)77)54)73)72)35)88)26)20)35
11.03.2008  Zahlen:
8)19)06)03)25)63)17)99)80)59)30)43)99)07)39)12)67)76)27)73
12.03.2008  Zahlen:
0)2)88)25)35)20)62)91)56)27)16)60)49)44)55)65)98)68)24)35
13.03.2008  Zahlen:
13)14)15)17)18)19)22)29)33)39)45)47)48)49)50)51)55)59)60)65
14.03.2008  Zahlen:
2)3)4)8)10)11)13)19)26)35)42)43)45)51)52)57)60)65)68)70
15.03.2008  Zahlen:
1)9)2)18)19)78)84)93)07)79)48)70)05)78)43)92)26)98)81)21
16.03.2008  Zahlen:
0)5)99)97)49)79)67)78)97)99)23)46)12)34)63)87)28)51)93)90
18.03.2008  Zahlen:
3)3)02)00)12)28)09)76)74)00)06)39)56)90)84)84)39)88)46)10
21.03.2008  Zahlen:
1)2)00)86)99)38)47)97)25)37)26)79)54)79)66)63)47)66)98)39
22.03.2008  Zahlen:
2)1)2)6)09)81)82)67)94)69)39)95)43)02)45)21)09)33)21)78
23.03.2008  Zahlen:
6)2)02)46)04)41)79)05)38)07)48)09)78)75)66)85)40)18)39)73
25.03.2008  Zahlen:
6)2)02)46)04)41)79)05)38)07)48)09)78)75)66)85)40)18)39)73
27.03.2008  Zahlen:
3)3)3)9)62)48)89)32)72)07)13)53)85)06)58)90)40)99)20)40
28.03.2008  Zahlen:
7)9)77)42)47)08)99)67)72)70)84)19)17)86)78)10)44)84)33)21
29.03.2008  Zahlen:
7)9)1)21)41)80)62)61)13)42)67)26)17)79)52)41)46)90)74)16
30.03.2008  Zahlen:
7)4)4)06)68)55)99)05)66)72)34)94)23)45)47)82)09)23)74)65
01.04.2008  Zahlen:
9)4)2)45)40)56)19)77)71)25)18)46)79)74)56)97)27)58)59)25
02.04.2008  Zahlen:
21)64)07)65)46)22)48)63)25)90)24)20)56)70)56)11)96)64)00)37
03.04.2008  Zahlen:
13)14)16)18)19)22)23)25)26)35)38)48)51)56)62)63)64)65)67)70
04.04.2008  Zahlen:
1)5)9)61)25)38)86)79)08)31)38)86)11)10)56)27)78)04)79)44
05.04.2008  Zahlen:
0)5)17)28)80)52)30)99)48)01)03)22)08)45)88)04)80)65)75)14
06.04.2008  Zahlen:
4)2)4)07)87)12)40)86)26)62)11)83)20)20)88)49)39)60)35)76
08.04.2008  Zahlen:
3)5)10)11)12)16)24)25)26)27)30)31)35)51)52)59)61)62)69)70
09.04.2008  Zahlen:
1)8)11)12)20)21)22)23)33)42)50)53)55)59)61)62)65)66)68)70
10.04.2008  Zahlen:
6)48)00)41)51)39)93)56)67)73)96)40)41)27)99)69)85)37)15)69
11.04.2008  Zahlen:
2)5)7)10)12)13)21)22)34)35)39)44)46)49)50)51)53)55)56)70
12.04.2008  Zahlen:
2)7)3)94)83)63)61)43)82)38)04)42)59)88)52)39)35)03)73)03
13.04.2008  Zahlen:
2)3)21)23)04)26)88)68)72)29)06)58)07)38)08)60)48)46)78)17
15.04.2008  Zahlen:
8)6)59)15)45)01)65)51)11)68)22)55)81)52)94)20)03)02)29)07
16.04.2008  Zahlen:
14)15)17)20)21)22)25)28)29)30)33)35)36)39)46)52)55)59)64)66
17.04.2008  Zahlen:
2)7)5)22)92)88)21)88)32)44)17)43)72)29)24)08)20)35)36)41
18.04.2008  Zahlen:
1)2)6)11)23)27)30)32)39)47)48)50)52)54)55)57)65)68)69)70
19.04.2008  Zahlen:
8)9)65)13)29)14)72)75)36)36)49)04)97)42)74)53)71)34)68)86
20.04.2008  Zahlen:
2)3)5)10)12)15)32)33)34)36)39)43)45)52)58)50)63)64)59)70
22.04.2008  Zahlen:
2)1)7)2)48)79)05)86)63)51)33)52)96)51)22)36)89)29)20)51
23.04.2008  Zahlen:
3)8)16)19)26)28)37)38)39)43)46)52)53)54)55)64)66)68)69)70
24.04.2008  Zahlen:
8)1)5)2)13)98)86)37)54)68)87)52)78)61)31)11)46)48)49)06
25.04.2008  Zahlen:
6)0)2)1)16)88)17)40)77)63)94)65)15)27)77)73)44)57)64)51
26.04.2008  Zahlen:
4)7)6)90)57)01)22)88)71)75)30)39)28)30)85)35)21)55)47)59
27.04.2008  Zahlen:
9)6)6)0)29)55)59)21)73)31)74)18)98)08)59)34)83)59)65)68
29.04.2008  Zahlen:
8)8)1)48)92)38)95)66)95)61)51)41)81)82)32)14)32)19)79)67
30.04.2008  Zahlen:
9)8)5)39)10)79)20)01)48)01)30)02)55)30)32)88)74)03)38)47
01.05.2008  Zahlen:
1)3)6)8)10)16)21)29)31)32)36)37)45)46)54)57)58)59)64)66
02.03.2009  Zahlen:
4)65)30)05)35)93)75)43)18)18)75)03)57)25)81)93)60)73)43)94
03.05.2008  Zahlen:
2)4)6)8)14)15)20)25)30)31)33)35)43)51)57)60)64)65)68)70
04.05.2008  Zahlen:
2)8)3)02)83)42)91)81)04)74)28)10)30)84)53)73)34)59)57)26
06.05.2008  Zahlen:
0)6)8)47)88)64)72)46)76)13)88)93)07)21)04)42)03)26)31)44
07.05.2008  Zahlen:
5)3)8)63)71)27)37)15)15)96)08)96)59)89)02)16)99)49)77)05
08.05.2008  Zahlen:
5)7)11)18)19)22)28)30)31)34)35)41)46)53)55)56)58)62)64)65
09.05.2008  Zahlen:
1)6)8)5)0)60)53)81)82)11)15)25)96)82)59)11)52)57)34)09
10.05.2008  Zahlen:
2)51)48)25)06)52)90)82)62)83)17)79)57)77)22)02)65)60)01)58
11.05.2008  Zahlen:
3)6)14)16)18)19)23)26)29)30)33)36)41)47)49)51)53)59)63)70
13.05.2008  Zahlen:
9)7)9)25)13)79)20)82)37)03)12)42)00)56)78)47)14)58)17)31
14.05.2008  Zahlen:
1)2)4)10)11)12)21)25)29)30)31)32)34)36)38)43)44)49)59)65
15.05.2008  Zahlen:
9)84)98)37)51)73)77)54)27)62)35)52)17)02)27)84)65)76)14)10
16.05.2008  Zahlen:
6)0)2)76)78)42)12)56)79)92)31)63)83)52)13)30)32)61)77)90
17.05.2008  Zahlen:
6)5)0)3)68)52)32)78)98)82)90)53)02)33)10)21)87)00)25)19
18.05.2008  Zahlen:
1)2)12)23)26)29)30)35)36)40)47)49)50)54)55)59)65)68)69)70
20.05.2008  Zahlen:
2)3)6)7)18)24)34)35)38)39)46)49)52)53)56)57)59)62)66)70
21.05.2008  Zahlen:
4)6)7)3)07)51)71)53)80)52)74)03)06)77)29)19)80)35)44)92
22.05.2008  Zahlen:
1)3)3)30)39)03)70)11)25)43)18)86)77)29)10)01)65)48)26)75
23.05.2008  Zahlen:
8)6)04)35)03)34)76)18)94)77)76)71)67)74)30)24)12)89)72)55
24.05.2008  Zahlen:
1)5)5)6)24)69)59)23)72)97)79)57)47)16)39)00)11)70)89)87
25.05.2008  Zahlen:
36)78)86)60)43)64)56)64)78)06)64)24)70)29)74)72)33)59)22)03
27.05.2008  Zahlen:
1)6)4)41)34)66)95)84)36)88)51)21)36)83)11)39)27)85)91)75
28.05.2008  Zahlen:
3)8)76)83)19)23)17)22)93)05)47)71)56)72)77)20)91)86)85)60
29.05.2008  Zahlen:
3)6)3)2)64)51)54)58)73)25)17)01)36)94)99)59)65)71)63)09
30.05.2008  Zahlen:
2)6)5)25)96)49)82)82)15)89)88)07)46)63)25)02)48)66)40)17
31.05.2008  Zahlen:
68)48)73)10)01)06)61)29)09)84)53)68)83)71)41)80)77)10)22)82
01.06.2008  Zahlen:
5)1)37)58)25)42)74)22)16)72)89)11)84)93)43)74)83)60)62)45
03.06.2008  Zahlen:
4)8)21)58)58)73)57)73)89)02)96)16)35)62)51)44)60)52)29)72
04.06.2008  Zahlen:
2)3)93)58)86)37)10)98)43)21)76)19)60)59)60)08)08)41)47)17
05.06.2008  Zahlen:
7)4)68)18)06)09)26)31)21)48)47)48)74)68)41)53)28)17)58)73
06.06.2008  Zahlen:
3)2)0)2)19)59)75)73)96)48)31)71)95)84)58)19)53)58)84)16
07.06.2008  Zahlen:
6)53)95)15)29)66)88)93)28)89)34)78)60)09)38)30)77)13)98)07
08.06.2008  Zahlen:
6)8)9)10)17)18)23)26)28)31)37)38)39)43)46)49)56)59)69)70
10.06.2008  Zahlen:
3)2)89)10)75)73)68)93)59)39)68)80)27)12)30)04)10)87)30)98
11.06.2008  Zahlen:
4)55)89)18)79)41)03)54)29)47)45)96)29)67)86)05)61)42)50)88
12.06.2008  Zahlen:
2)3)27)95)52)36)32)37)18)71)82)76)54)91)89)97)02)96)71)07
13.06.2008  Zahlen:
1)3)8)12)16)17)23)31)33)36)38)41)43)53)54)56)64)65)67)70
14.06.2008  Zahlen:
0)5)7)53)24)50)57)63)32)89)69)77)15)06)42)00)39)58)61)10
15.06.2008  Zahlen:
0)6)05)38)77)59)77)52)33)54)20)84)16)55)98)38)85)33)06)50
18.06.2008  Zahlen:
0)1)11)22)67)03)47)54)06)11)40)25)27)89)46)77)26)11)17)16
19.06.2008  Zahlen:
6)5)7)42)13)70)00)50)81)48)02)09)43)26)18)67)42)61)20)76
20.06.2008  Zahlen:
3)8)7)54)55)72)16)94)11)82)12)81)96)59)21)12)26)73)48)75
21.06.2008  Zahlen:
5)6)3)8)96)60)83)70)84)29)00)31)53)53)56)40)62)26)06)23
22.06.2008  Zahlen:
3)0)4)98)25)28)57)21)61)54)91)35)35)08)00)48)59)12)79)42
24.06.2008  Zahlen:
8)29)79)94)62)17)70)45)55)74)25)16)35)52)67)76)01)48)21)94
25.06.2008  Zahlen:
4)8)9)13)18)20)21)23)24)31)34)36)42)47)48)55)59)60)63)70
26.06.2008  Zahlen:
5)4)80)13)59)33)45)31)86)57)81)89)52)04)98)80)94)04)89)94
27.06.2008  Zahlen:
1)4)6)5)7)13)31)44)35)99)79)18)24)31)29)03)10)52)66)34
28.06.2008  Zahlen:
0)2)4)0)46)30)18)96)90)40)60)93)32)89)35)00)41)30)74)56
29.06.2008  Zahlen:
87)54)38)39)08)86)13)04)65)34)32)58)45)47)47)20)17)49)80)40
01.07.2008  Zahlen:
0)5)8)82)94)13)54)75)69)46)01)62)93)46)54)50)78)08)92)36
02.07.2008  Zahlen:
96)23)24)21)15)37)83)94)78)76)90)56)06)80)31)07)95)36)53)63
03.07.2008  Zahlen:
7)1)1)2)34)00)02)14)92)37)41)90)57)16)09)05)68)10)24)63
04.07.2008  Zahlen:
6)7)30)94)03)23)80)94)44)98)67)01)91)37)56)34)96)04)02)47
05.07.2008  Zahlen:
1)0)52)91)68)06)54)57)70)88)19)14)91)07)39)02)36)02)74)07
06.07.2008  Zahlen:
1)2)4)11)15)24)35)45)48)49)51)52)55)56)58)59)61)62)63)70
08.07.2008  Zahlen:
0)55)70)41)57)97)69)65)63)03)69)63)98)15)65)26)30)72)66)63
09.07.2008  Zahlen:
4)4)78)03)20)78)14)58)83)84)02)48)19)21)61)04)43)92)87)12
10.07.2008  Zahlen:
8)9)5)38)76)11)11)00)79)31)76)93)36)05)29)09)73)00)39)63
11.07.2008  Zahlen:
17)17)43)08)83)24)86)42)11)68)43)67)36)36)62)56)92)74)02)23
12.07.2008  Zahlen:
7)8)8)2)28)84)07)87)44)98)56)35)26)40)83)35)99)07)63)20
13.07.2008  Zahlen:
5)6)20)83)32)07)90)79)94)60)06)19)48)09)49)88)07)63)10)94
15.07.2008  Zahlen:
7)8)4)6)45)98)29)27)98)42)05)80)04)08)40)03)69)46)70)75
16.07.2008  Zahlen:
1)5)09)09)20)13)10)26)47)91)46)38)16)12)56)65)10)57)83)60
17.07.2008  Zahlen:
1)1)2)17)66)94)66)50)43)03)19)41)49)59)55)76)50)01)54)77
18.07.2008  Zahlen:
2)11)13)16)18)20)28)30)31)32)34)37)49)50)56)57)60)64)65)70
19.07.2008  Zahlen:
2)6)5)4)41)70)89)22)69)95)52)90)28)59)90)58)07)55)55)73
20.07.2008  Zahlen:
7)4)5)9)42)18)74)67)94)72)55)71)01)64)54)39)00)35)39)74
22.07.2008  Zahlen:
0)5)71)59)88)36)30)67)37)12)81)53)31)67)34)28)26)63)70)39
23.07.2008  Zahlen:
3)0)0)75)30)62)68)32)41)14)22)38)39)66)27)57)44)89)55)62
24.07.2008  Zahlen:
7)86)15)82)39)61)22)39)81)91)00)17)26)10)56)20)09)12)02)85
26.07.2008  Zahlen:
13)16)19)20)21)24)32)34)40)41)42)43)51)52)56)59)62)63)66)70
27.07.2008  Zahlen:
58)01)85)50)41)31)31)01)28)10)95)58)75)95)54)04)58)34)30)24
29.07.2008  Zahlen:
2)8)1)20)66)12)93)48)31)90)11)00)55)70)88)25)41)92)35)87
30.07.2008  Zahlen:
2)50)77)76)78)85)32)95)00)33)28)57)75)56)32)35)62)62)98)54
31.07.2008  Zahlen:
1)2)4)8)10)13)16)18)21)30)31)32)33)36)37)39)42)50)60)70
01.08.2008  Zahlen:
1)3)6)15)18)23)28)33)36)38)41)44)45)53)55)60)61)66)69)70
02.08.2008  Zahlen:
8)1)9)3)14)43)45)97)12)06)07)69)88)03)66)36)92)38)03)32
03.08.2008  Zahlen:
9)7)56)57)16)59)53)20)78)35)50)51)53)87)08)92)44)43)49)42
06.08.2008  Zahlen:
0)9)44)33)35)74)06)49)79)38)69)67)50)01)12)19)47)09)68)39
07.08.2008  Zahlen:
9)4)0)57)76)63)91)80)00)78)99)27)77)49)55)80)79)78)67)67
08.08.2008  Zahlen:
9)2)4)0)91)90)44)32)80)71)18)48)35)31)76)41)66)04)18)97
09.08.2008  Zahlen:
4)1)13)12)38)15)38)39)19)58)01)78)73)19)72)18)28)44)12)59
10.08.2008  Zahlen:
1)8)22)13)37)49)90)57)18)17)53)13)61)67)04)44)19)38)31)22
12.08.2008  Zahlen:
6)72)69)34)21)09)95)60)00)99)83)48)72)96)61)28)79)92)20)63
13.08.2008  Zahlen:
3)3)94)82)37)29)15)19)97)80)96)77)21)05)45)77)96)15)56)17
14.08.2008  Zahlen:
8)0)1)82)90)35)62)86)76)66)91)61)68)32)92)34)55)25)71)32
15.08.2008  Zahlen:
3)10)13)15)17)19)28)30)31)33)41)42)53)54)56)61)63)67)68)70
16.08.2008  Zahlen:
25)14)75)36)27)93)92)43)64)48)29)61)68)69)92)09)43)15)56)93
17.08.2008  Zahlen:
4)30)33)55)25)82)60)08)43)85)63)03)90)14)53)61)90)49)52)13
19.08.2008  Zahlen:
9)0)2)49)39)69)66)88)14)52)41)52)28)75)86)46)32)33)50)88
20.08.2008  Zahlen:
7)2)2)80)81)85)95)18)93)31)48)95)21)66)18)85)11)96)93)92
21.08.2008  Zahlen:
0)81)31)70)71)99)91)91)37)12)46)93)64)65)69)13)10)21)40)69
22.08.2008  Zahlen:
5)85)59)44)18)13)23)14)77)81)37)73)52)34)17)71)08)85)28)10
23.08.2008  Zahlen:
8)8)1)82)46)20)93)50)46)84)48)49)80)37)53)69)49)57)09)65
24.08.2008  Zahlen:
8)3)3)95)80)84)86)30)85)87)77)66)35)62)30)84)27)53)09)19
26.08.2008  Zahlen:
1)2)2)47)75)65)17)11)51)03)05)79)06)93)92)41)27)41)88)59
27.08.2008  Zahlen:
7)67)13)92)46)96)46)57)42)27)74)19)19)40)24)02)35)25)16)95
28.08.2008  Zahlen:
7)2)2)8)39)25)37)85)48)69)69)20)64)09)44)22)95)67)12)03
29.08.2008  Zahlen:
0)6)9)87)62)91)49)43)25)63)59)19)88)51)76)47)77)83)77)49
30.08.2008  Zahlen:
3)4)7)10)12)19)22)24)29)30)45)47)49)50)51)53)59)67)68)70
31.08.2008  Zahlen:
1)5)8)48)78)63)51)26)36)38)35)20)82)62)32)41)87)23)38)13
02.09.2008  Zahlen:
9)5)9)4)38)85)77)75)67)89)79)53)35)93)86)04)66)30)22)99
03.09.2008  Zahlen:
2)9)04)76)24)18)99)12)71)51)31)86)83)25)53)81)62)15)63)88
04.09.2008  Zahlen:
8)0)8)2)5)5)04)36)17)21)71)05)34)36)68)70)33)04)82)60
05.09.2008  Zahlen:
9)62)96)83)61)55)88)14)07)39)33)45)91)42)68)38)71)50)55)43
06.09.2008  Zahlen:
1)7)3)97)39)98)72)05)69)07)73)85)94)00)30)52)40)27)71)80
07.09.2008  Zahlen:
8)0)3)7)9)49)99)42)93)63)42)46)44)48)88)20)68)06)57)45
09.09.2008  Zahlen:
3)2)18)53)71)36)26)74)39)69)81)19)90)32)22)13)05)21)82)20
10.09.2008  Zahlen:
1)2)5)6)10)16)17)19)26)27)30)31)32)36)38)41)47)56)63)65
11.09.2008  Zahlen:
6)1)4)8)30)91)07)46)13)61)92)88)77)69)33)03)79)45)79)56
12.09.2008  Zahlen:
8)0)92)68)19)42)22)89)22)88)31)14)73)37)13)98)96)31)09)27
13.09.2008  Zahlen:
3)16)72)63)70)52)03)70)62)88)96)55)42)07)13)04)06)64)46)17
14.09.2008  Zahlen:
6)2)4)0)4)9)38)01)96)57)73)35)49)76)71)12)35)91)48)97
16.09.2008  Zahlen:
3)2)1)47)83)01)14)65)03)33)78)26)00)08)85)11)75)39)97)09
17.09.2008  Zahlen:
6)3)8)7)2)32)98)06)94)06)68)48)24)44)11)71)89)60)74)65
18.09.2008  Zahlen:
6)8)48)63)65)28)71)44)11)67)80)03)58)12)04)69)24)46)71)88
19.09.2008  Zahlen:
4)7)1)21)06)09)39)46)12)31)76)09)50)09)84)34)78)69)42)06
20.09.2008  Zahlen:
9)5)74)08)03)53)17)58)51)54)27)13)11)12)81)73)65)14)80)74
21.09.2008  Zahlen:
9)5)03)62)88)27)69)62)66)84)50)24)92)90)28)63)69)00)34)39
23.09.2008  Zahlen:
8)35)78)37)35)31)38)71)19)60)10)25)07)14)65)47)13)24)96)48
24.09.2008  Zahlen:
5)6)46)11)71)16)55)34)80)25)60)28)04)31)84)44)21)79)65)19
25.09.2008  Zahlen:
3)0)9)47)56)65)78)37)49)92)49)17)59)69)26)47)72)81)09)74
26.09.2008  Zahlen:
6)0)4)89)17)67)83)61)68)91)68)69)22)06)96)70)18)09)25)45
27.09.2008  Zahlen:
1)8)7)67)36)82)92)25)85)03)83)77)64)81)46)51)33)51)68)37
28.09.2008  Zahlen:
6)3)10)98)30)19)28)30)19)69)35)31)21)29)05)19)11)81)77)13
30.09.2008  Zahlen:
7)33)68)20)16)65)14)23)70)28)43)36)76)94)61)26)81)47)04)61
01.10.2008  Zahlen:
3)7)19)63)77)11)61)36)24)05)66)83)36)89)45)02)76)44)43)27
02.10.2008  Zahlen:
2)5)4)99)47)84)00)39)07)74)69)50)26)07)80)67)64)03)84)25
03.10.2008  Zahlen:
7)9)14)22)24)26)27)31)38)40)44)50)51)53)54)57)59)61)68)70
04.10.2008  Zahlen:
1)2)4)55)79)80)51)07)39)97)29)12)21)70)14)67)79)80)96)38
05.10.2008  Zahlen:
45)91)08)80)38)25)06)89)88)80)11)51)42)51)24)95)58)32)63)97
07.10.2008  Zahlen:
8)7)04)28)64)72)50)79)78)27)29)07)46)34)72)56)35)55)50)16
08.10.2008  Zahlen:
48)90)68)22)95)43)25)55)35)04)26)07)44)23)13)84)62)90)23)86
09.10.2008  Zahlen:
0)0)23)41)52)38)83)06)24)97)68)51)67)51)50)93)47)27)10)08
10.10.2008  Zahlen:
9)5)0)45)85)36)68)03)01)32)42)02)13)11)93)87)06)75)37)47
11.10.2008  Zahlen:
0)8)1)3)63)20)43)80)85)83)85)93)07)14)60)41)21)22)34)30
12.10.2008  Zahlen:
1)1)08)89)83)01)45)17)59)64)02)62)15)74)41)99)20)38)75)17
14.10.2008  Zahlen:
1)36)19)84)60)51)11)65)69)35)88)09)57)19)21)23)91)10)24)20
15.10.2008  Zahlen:
4)4)34)23)45)66)76)17)06)44)65)99)50)03)22)93)68)30)62)18
16.10.2008  Zahlen:
3)23)16)20)91)14)70)25)10)05)36)79)73)26)57)43)58)14)37)06
17.10.2008  Zahlen:
2)4)5)11)13)14)17)18)27)29)31)41)48)51)54)58)61)65)66)70
18.10.2008  Zahlen:
2)9)74)97)75)33)16)21)10)78)29)42)56)65)31)22)73)67)99)04
19.10.2008  Zahlen:
9)1)4)84)74)93)04)00)65)68)84)28)52)94)91)78)24)27)21)47
21.10.2008  Zahlen:
66)73)69)86)18)69)09)05)54)05)58)25)24)76)98)91)71)09)10)20
22.10.2008  Zahlen:
16)82)53)46)53)48)83)68)12)47)58)89)85)38)02)62)96)72)82)81
23.10.2008  Zahlen:
7)7)7)9)79)34)23)28)61)28)41)50)17)53)84)73)32)33)24)41
24.10.2008  Zahlen:
2)9)6)2)1)51)67)36)25)50)28)82)50)34)91)71)12)05)18)41
25.10.2008  Zahlen:
5)6)9)3)22)32)86)76)96)28)20)77)89)33)05)06)80)65)73)06
26.10.2008  Zahlen:
49)37)69)50)36)84)71)86)60)85)57)10)04)04)91)97)52)59)70)06
28.10.2008  Zahlen:
7)6)3)84)23)81)44)19)90)29)07)53)23)85)29)42)64)16)10)82
29.10.2008  Zahlen:
2)8)87)33)84)72)60)29)54)69)51)93)23)31)91)06)51)76)15)16
30.10.2008  Zahlen:
0)67)70)12)54)35)73)09)16)40)91)29)77)62)69)07)08)03)83)89
31.10.2008  Zahlen:
1)5)13)16)22)27)29)31)34)36)37)39)43)45)48)56)61)64)67)70
01.11.2008  Zahlen:
7)2)3)41)10)10)77)08)22)84)11)46)29)74)75)73)68)70)39)25
02.11.2008  Zahlen:
3)16)21)25)26)28)29)31)35)36)39)46)51)52)53)54)59)61)64)70
04.11.2008  Zahlen:
8)5)6)6)1)5)67)38)23)73)87)31)77)36)95)79)03)19)36)29
05.11.2008  Zahlen:
7)3)38)13)08)94)23)82)12)57)51)95)68)95)44)86)15)60)53)38
06.11.2008  Zahlen:
2)6)10)13)15)21)27)29)30)35)36)37)45)55)57)62)63)64)68)70
07.11.2008  Zahlen:
9)3)4)4)22)01)09)50)36)03)06)23)36)36)42)23)12)60)05)61
08.11.2008  Zahlen:
7)94)30)81)36)27)44)68)57)72)61)93)38)58)20)53)55)86)94)38
09.11.2008  Zahlen:
9)2)5)22)76)79)52)39)18)61)42)31)03)82)81)88)54)34)46)00
11.11.2008  Zahlen:
1)3)34)43)59)70)67)52)33)89)62)86)05)61)74)06)80)71)35)51
12.11.2008  Zahlen:
8)8)29)53)24)44)33)58)88)96)73)90)62)30)68)98)65)38)98)84
13.11.2008  Zahlen:
3)9)3)6)78)30)87)67)66)10)94)01)85)28)54)17)41)85)97)32
14.11.2008  Zahlen:
4)3)27)20)59)49)37)03)20)67)92)67)70)39)31)44)39)33)37)84
15.11.2008  Zahlen:
7)8)12)15)18)21)34)37)39)49)50)52)58)60)61)62)64)68)69)70
16.11.2008  Zahlen:
2)6)98)15)21)80)45)91)93)15)01)96)95)65)51)65)84)61)73)09
18.11.2008  Zahlen:
3)2)7)4)52)94)88)70)31)08)17)37)36)08)71)12)88)64)52)25
19.11.2008  Zahlen:
8)0)8)65)91)63)18)81)68)40)38)81)24)83)83)53)48)32)36)40
20.11.2008  Zahlen:
3)9)3)55)23)72)21)80)32)41)24)91)12)97)54)42)54)50)81)98
21.11.2008  Zahlen:
6)2)4)79)64)70)75)56)94)75)79)00)85)97)85)33)48)22)68)20
22.11.2008  Zahlen:
7)1)5)9)4)6)68)29)54)60)99)86)59)52)80)00)54)42)64)32
23.11.2008  Zahlen:
0)5)43)22)47)23)36)53)08)66)06)10)38)70)36)82)86)38)24)79
25.11.2008  Zahlen:
62)83)27)42)90)80)97)19)22)44)14)38)57)38)87)61)96)17)29)04
26.11.2008  Zahlen:
9)75)91)13)02)08)34)83)38)48)85)89)44)90)65)14)61)99)60)03
27.11.2008  Zahlen:
0)6)31)95)66)70)34)69)33)65)20)00)64)51)84)39)52)92)65)67
28.11.2008  Zahlen:
0)0)2)83)24)23)58)66)08)29)45)91)48)00)94)87)25)91)94)56
29.11.2008  Zahlen:
2)3)09)03)54)67)66)65)95)89)72)05)27)37)75)24)89)37)05)69
30.11.2008  Zahlen:
5)5)37)92)40)68)03)64)05)54)89)30)95)47)76)10)00)75)79)42
02.12.2008  Zahlen:
8)9)0)50)10)30)70)75)46)43)86)71)01)10)86)81)06)78)70)93
03.12.2008  Zahlen:
9)8)7)95)24)43)17)49)67)61)50)35)99)30)70)67)86)55)65)33
04.12.2008  Zahlen:
4)5)6)9)12)19)25)29)30)36)37)41)42)50)51)53)55)60)61)65
05.12.2008  Zahlen:
3)14)17)21)24)31)36)37)38)41)43)45)46)51)52)58)61)62)64)70
06.12.2008  Zahlen:
1)8)6)1)0)48)48)67)25)54)82)42)83)95)73)48)32)14)95)78
07.12.2008  Zahlen:
9)3)8)94)74)21)29)89)79)00)74)84)40)39)21)07)46)43)81)51
09.12.2008  Zahlen:
4)8)12)18)19)20)27)30)32)36)38)48)50)54)55)59)61)62)64)70
10.12.2008  Zahlen:
6)12)59)10)42)50)69)85)77)78)27)84)43)17)98)18)43)81)61)85
11.12.2008  Zahlen:
2)8)24)77)09)34)81)70)89)72)41)52)80)92)35)70)46)44)33)79
12.12.2008  Zahlen:
8)2)4)1)9)96)50)00)03)42)03)79)82)10)71)12)97)98)12)07
19,09,2008  Zahlen:
91)68)50)92)18)42)02)44)63)47)20)82)89)08)01)30)42)00)91)95
14.12.2008  Zahlen:
8)7)4)55)11)49)75)10)90)46)79)28)46)98)51)60)88)90)20)14
16.12.2008  Zahlen:
8)75)09)83)86)58)09)46)56)32)31)06)82)17)25)38)65)68)38)04
17.12.2008  Zahlen:
0)6)4)40)54)32)30)04)16)92)93)02)11)60)05)71)19)99)03)10
18.12.2008  Zahlen:
6)7)2)4)04)90)58)56)11)19)70)31)46)58)04)69)27)11)85)47
19.12.2008  Zahlen:
1)90)57)26)09)40)21)94)31)00)23)97)13)52)07)53)45)31)17)41
20.12.2008  Zahlen:
6)8)3)16)66)62)61)85)72)98)05)01)20)93)71)26)57)62)78)08
21.12.2008  Zahlen:
2)4)6)29)30)31)32)34)37)41)42)45)48)52)53)54)59)61)69)70
23.12.2008  Zahlen:
7)18)70)99)07)18)94)86)36)53)26)57)98)89)52)95)92)42)37)05
24.12.2008  Zahlen:
8)3)8)6)49)79)67)88)60)47)38)25)39)12)24)87)85)46)93)13
25.12.2008  Zahlen:
6)6)67)27)04)57)26)92)48)66)27)14)12)55)61)20)54)58)66)93
26.12.2008  Zahlen:
6)8)3)50)07)22)28)15)93)22)59)46)58)59)32)42)39)34)22)55
27.12.2008  Zahlen:
6)8)6)8)64)28)72)07)59)70)71)80)04)47)55)35)37)53)86)78
28.12.2008  Zahlen:
2)2)7)3)37)73)14)89)83)98)94)97)74)08)27)20)08)60)30)56
30.12.2008  Zahlen:
3)6)31)63)16)63)35)70)88)62)81)74)21)31)39)01)21)73)00)59
31.12.2008  Zahlen:
7)8)59)01)72)01)44)17)05)20)77)74)14)33)61)58)71)82)10)51
01.01.2009  Zahlen:
9)4)4)47)62)32)91)54)85)82)81)45)01)14)38)14)48)36)86)65
02.01.2009  Zahlen:
2)9)0)6)85)99)58)05)19)00)46)86)07)85)45)42)97)73)24)40
03.01.2009  Zahlen:
2)41)40)59)70)75)67)72)55)59)68)35)35)98)54)70)44)00)75)28
04.01.2009  Zahlen:
3)9)5)68)78)89)26)03)28)51)24)92)17)72)26)46)22)91)12)61
06.01.2009  Zahlen:
9)2)27)73)76)08)11)66)93)65)52)74)92)35)46)48)82)68)23)32
07.01.2009  Zahlen:
6)1)4)4)01)56)77)35)85)49)32)88)53)33)58)39)63)15)71)33
08.01.2009  Zahlen:
0)5)8)9)01)85)95)49)70)65)39)99)45)94)63)86)24)18)19)71
09.01.2009  Zahlen:
0)6)7)3)54)17)13)69)08)77)15)51)84)57)29)73)15)02)47)98
10.01.2009  Zahlen:
0)9)45)08)49)31)13)07)07)26)32)26)14)53)26)10)83)96)65)24
11.01.2009  Zahlen:
3)9)47)95)48)46)13)68)70)86)78)63)03)76)27)41)94)81)31)26
13.01.2009  Zahlen:
5)9)10)11)12)14)17)21)31)35)36)39)43)46)50)52)53)58)65)70
14.01.2009  Zahlen:
5)8)30)29)78)91)05)09)74)94)24)21)99)28)70)59)77)98)11)09
15.01.2009  Zahlen:
5)9)9)18)47)54)78)95)91)60)87)24)91)64)20)05)51)79)90)46
16.01.2009  Zahlen:
9)6)17)92)08)37)89)68)16)04)05)64)21)22)02)59)32)65)68)98
17.01.2009  Zahlen:
4)8)42)72)15)90)56)49)62)73)78)47)80)28)40)27)83)28)44)99
18.01.2009  Zahlen:
3)4)6)8)14)19)20)25)28)29)38)46)54)56)58)61)62)67)68)70
20.01.2009  Zahlen:
1)40)76)44)79)67)58)49)19)75)98)97)00)50)15)38)58)76)03)60
21.01.2009  Zahlen:
0)1)7)11)22)55)32)12)94)47)11)28)57)58)50)81)52)54)55)18
22.01.2009  Zahlen:
9)1)79)94)00)74)59)79)25)45)06)71)60)32)84)17)49)86)78)21
23.01.2009  Zahlen:
0)8)42)06)25)10)02)60)27)77)43)73)25)36)44)60)36)03)35)96
24.01.2009  Zahlen:
2)5)12)13)19)25)32)34)35)36)37)39)42)44)53)55)57)61)63)70
25.01.2009  Zahlen:
7)4)1)81)11)45)59)51)06)50)71)82)67)41)33)52)56)05)92)41
27.01.2009  Zahlen:
5)3)8)5)51)78)31)69)03)68)35)55)22)47)60)23)41)52)02)40
28.01.2009  Zahlen:
1)8)9)13)09)43)88)09)35)62)72)78)27)50)88)10)21)54)28)33
29.01.2009  Zahlen:
1)4)5)11)15)22)33)43)46)47)49)51)52)54)55)58)62)66)67)70
30.01.2009  Zahlen:
1)6)9)9)25)45)75)36)11)62)40)33)57)99)29)98)78)97)68)49
31.01.2009  Zahlen:
1)7)15)22)23)24)32)34)36)39)40)41)43)44)50)51)53)58)59)60
01.02.2009  Zahlen:
7)11)12)14)19)21)24)27)28)30)35)44)49)50)51)58)63)65)69)70
03.02.2009  Zahlen:
6)10)03)05)54)39)74)77)69)58)56)82)18)54)54)19)50)98)64)19
04.02.2009  Zahlen:
2)9)83)43)99)08)43)79)09)71)15)29)89)68)30)78)10)52)59)88
05.02.2009  Zahlen:
2)5)6)20)74)55)20)17)67)02)26)43)31)29)03)06)46)81)04)47
06.02.2009  Zahlen:
9)0)8)49)16)60)45)03)46)49)45)36)84)77)30)47)92)23)27)32
07.02.2009  Zahlen:
8)0)2)60)29)72)17)74)39)76)28)09)01)91)16)64)51)84)93)25
08.02.2009  Zahlen:
7)4)5)3)1)53)62)45)71)10)39)07)62)85)81)62)45)37)96)01
10.02.2009  Zahlen:
5)3)55)90)82)79)79)45)91)66)72)32)60)62)63)87)99)72)15)01
11.02.2009  Zahlen:
2)7)32)50)52)69)68)43)18)83)25)62)91)90)44)89)73)89)70)06
12.02.2009  Zahlen:
1)9)5)03)97)05)18)32)35)59)53)28)90)63)66)73)47)87)47)22
13.02.2009  Zahlen:
8)7)6)8)61)63)08)19)57)14)19)67)35)86)55)06)67)55)36)39
14.02.2009  Zahlen:
0)41)76)90)22)34)15)25)11)42)00)86)20)02)43)73)98)44)32)69
15.02.2009  Zahlen:
3)1)55)88)71)78)22)63)10)67)39)57)61)29)28)52)94)91)15)03
17.02.2009  Zahlen:
4)6)9)1)8)61)37)24)76)19)99)81)19)91)32)30)82)93)99)31
18.02.2009  Zahlen:
2)3)8)10)11)17)26)31)32)35)37)39)46)50)55)57)58)60)68)70
19.02.2009  Zahlen:
1)2)4)5)8)12)16)17)26)29)33)36)45)46)50)58)59)64)66)70
20.02.2009  Zahlen:
0)9)0)09)69)67)99)72)46)24)24)18)40)64)02)73)01)96)85)57
21.02.2009  Zahlen:
5)4)0)70)81)58)69)38)89)17)93)49)91)86)60)19)14)24)76)71
22.02.2009  Zahlen:
9)0)64)60)33)48)01)67)34)11)47)01)06)35)11)30)12)41)06)47
24.02.2009  Zahlen:
4)31)25)16)71)62)59)65)20)26)85)08)25)49)53)03)15)47)47)09
25.02.2009  Zahlen:
2)8)2)34)34)04)88)54)56)83)88)27)44)56)75)33)68)89)28)44
26.02.2009  Zahlen:
4)6)9)6)39)67)22)80)39)84)72)65)88)70)05)47)59)35)53)94
27.02.2009  Zahlen:
8)89)19)87)17)17)31)22)89)40)79)53)18)92)64)88)48)95)57)73
28.02.2009  Zahlen:
5)6)3)43)31)06)72)80)22)53)87)24)97)61)59)92)56)27)32)08
01.03.2009  Zahlen:
3)6)08)86)31)65)09)42)31)51)73)01)53)68)47)83)39)18)49)47
03.03.10  Zahlen:
8)9)7)1)51)73)42)06)60)74)27)26)46)06)35)04)33)90)36)33
04.03.2009  Zahlen:
0)3)2)4)07)74)89)83)57)68)98)28)39)14)72)47)47)74)45)58
05.03.2009  Zahlen:
7)8)40)60)71)66)09)94)57)86)14)64)04)97)19)90)64)18)31)77
06.03.2009  Zahlen:
9)3)1)3)41)36)28)95)88)72)33)78)39)26)68)14)59)12)81)22
07.03.2009  Zahlen:
9)8)32)36)66)47)59)61)34)35)45)47)29)27)59)68)67)65)62)80
08.03.2009  Zahlen:
0)4)1)6)62)10)12)15)31)22)53)17)92)30)38)49)68)63)62)27
10.03.2009  Zahlen:
3)6)7)12)18)20)21)27)28)29)31)33)34)38)58)59)63)64)65)70
11.03.2009  Zahlen:
4)4)45)07)84)89)40)09)56)10)52)06)89)50)83)70)60)51)35)66
12.03.2009  Zahlen:
2)5)52)66)68)93)17)75)44)85)05)20)64)82)76)06)39)10)02)02
13.03.2009  Zahlen:
6)4)95)74)84)12)72)61)82)53)81)63)03)62)57)68)74)16)04)87
14.03.2009  Zahlen:
0)6)4)16)71)11)04)37)99)27)90)14)07)60)86)84)80)76)21)36
17.03.2009  Zahlen:
5)8)10)16)22)23)31)32)35)44)52)55)57)60)61)63)65)66)67)70
  Zahlen:  9)7)13)86)50)27)40)84)12)91)96)50)59)22)77)02)86)92)44)66
18.03.2009  Zahlen:
9)2)14)01)93)08)68)91)86)80)04)34)27)74)33)49)55)92)59)40
19.03.2009  Zahlen:
5)8)5)57)98)80)54)38)73)05)97)91)95)16)55)15)37)70)92)27
20.03.2009  Zahlen:
8)6)0)5)23)51)75)29)01)93)80)69)31)65)71)38)13)66)22)73
21.03.2009  Zahlen:
0)6)2)0)01)48)77)15)72)07)19)57)07)14)17)12)69)74)34)78
22.03.2009  Zahlen:
0)0)5)3)6)12)66)70)52)67)49)16)84)14)04)88)09)85)74)26
24.03.2009  Zahlen:
8)36)62)14)06)59)94)12)35)09)08)42)25)70)74)07)91)03)82)82
25.03.2009  Zahlen:
3)6)8)11)21)22)27)33)35)42)44)45)47)49)50)51)60)61)69)70
26.03.2009  Zahlen:
4)8)9)11)19)21)23)24)30)36)37)48)56)57)60)62)65)68)69)70
27.03.2009  Zahlen:
5)37)57)65)44)90)93)38)99)86)31)85)61)15)78)61)22)89)77)62
28.03.2009  Zahlen:
7)67)05)32)42)32)92)53)32)28)70)55)82)12)67)71)65)03)47)51
29.03.2009  Zahlen:
3)0)28)99)16)94)37)13)46)72)21)03)39)13)47)36)05)10)52)91
31.03.2009  Zahlen:
4)3)3)87)02)86)64)79)35)84)84)53)70)19)12)25)33)08)44)16
01.04.2009  Zahlen:
6)8)3)7)03)41)80)76)04)68)91)18)85)87)17)81)50)13)24)94
02.04.2009  Zahlen:
2)2)3)72)43)28)81)32)81)85)16)61)35)56)62)46)16)03)55)59
03.04.2009  Zahlen:
0)3)2)80)17)37)83)13)31)80)51)14)23)31)66)70)42)33)83)76
04.04.2009  Zahlen:
1)2)3)6)9)15)17)22)29)31)33)36)37)38)53)55)61)63)67)70
05.04.2009  Zahlen:
2)5)4)31)72)22)59)77)64)29)81)75)83)25)71)87)31)85)66)57
07.04.2009  Zahlen:
10)12)13)14)19)23)29)33)36)37)38)40)43)45)51)52)55)63)69)70
08.04.2009  Zahlen:
9)6)3)38)67)93)88)31)08)84)12)91)73)85)53)61)23)64)08)93
09.04.2009  Zahlen:
2)4)7)10)16)27)33)35)39)45)46)49)51)53)57)62)64)65)67)70
10.04.2009  Zahlen:
7)1)79)86)80)03)44)07)41)02)61)33)03)54)08)42)16)72)34)52
11.04.2009  Zahlen:
9)6)98)50)67)15)32)26)10)67)88)28)76)07)08)44)23)29)94)08
12.04.2009  Zahlen:
4)4)1)5)88)98)91)22)51)48)38)07)43)92)38)46)21)42)54)34
14.04.2009  Zahlen:
2)0)53)56)74)11)21)30)85)93)52)00)12)64)21)83)73)71)16)83
15.04.2009  Zahlen:
6)3)10)39)33)78)79)96)74)86)03)19)42)03)33)65)23)98)72)17
16.04.2009  Zahlen:
5)9)2)95)74)33)51)69)52)74)40)31)99)09)41)25)62)32)94)87
17.04.2009  Zahlen:
9)5)9)70)90)24)00)27)38)26)88)26)28)77)71)44)49)47)22)28
18.04.2009  Zahlen:
8)4)69)81)35)89)69)38)46)27)72)19)14)22)58)29)30)11)58)77
19.04.2009  Zahlen:
4)6)01)92)12)71)90)12)64)06)82)84)50)19)79)30)70)87)52)06
21.04.2009  Zahlen:
1)8)7)50)16)41)91)25)96)59)74)42)58)55)95)26)21)75)95)38
22.04.2009  Zahlen:
0)77)88)33)58)95)58)81)98)87)99)82)90)37)81)49)62)62)27)33
23.04.2009  Zahlen:
10)52)67)80)07)00)18)97)43)37)35)25)27)56)68)61)89)11)61)29
24.04.2009  Zahlen:
8)7)08)90)87)74)71)29)17)85)16)53)41)86)00)49)72)29)16)32
25.04.2009  Zahlen:
5)6)3)7)51)34)97)81)82)34)97)14)86)83)99)85)20)13)36)05
26.04.2009  Zahlen:
9)0)3)03)40)32)29)52)00)48)39)95)01)96)20)57)58)40)40)26
28.04.2009  Zahlen:
0)1)33)14)39)08)89)00)74)84)57)95)61)23)75)03)06)63)15)00
29.04.2009  Zahlen:
10)11)13)22)26)33)36)39)40)41)43)45)48)54)55)56)61)62)68)70
30.04.2009  Zahlen:
2)2)30)63)05)41)59)17)41)05)47)95)66)61)00)25)60)44)24)03
01.05.2009  Zahlen:
6)8)10)12)16)25)27)38)39)42)43)48)51)55)56)59)62)64)67)70
02.05.2009  Zahlen:
74)37)48)75)00)51)32)31)36)44)33)07)03)07)53)78)11)41)30)04
03.05.2009  Zahlen:
7)15)05)40)55)01)26)72)43)51)60)85)49)31)59)81)18)90)67)84
05.05.2009  Zahlen:
3)0)3)16)09)12)93)99)42)51)64)04)54)83)08)30)34)81)38)11
06.05.2009  Zahlen:
5)5)6)1)7)38)08)23)74)01)41)94)04)15)10)44)06)31)35)03
07.05.2009  Zahlen:
4)8)6)69)50)17)04)52)83)46)04)36)02)10)00)69)19)27)82)78
08.05.2009  Zahlen:
2)1)29)44)86)40)28)82)62)26)34)40)36)46)64)32)40)23)41)00
09.05.2009  Zahlen:
2)3)7)10)11)30)32)35)37)38)43)48)51)52)56)59)62)64)69)70
10.05.2009  Zahlen:
3)7)10)14)19)26)29)32)33)34)36)40)41)49)58)62)63)64)66)70
12.05.2009  Zahlen:
43)88)35)05)58)62)18)41)36)35)26)52)48)05)46)85)09)39)70)62
13.05.2009  Zahlen:
56)04)21)41)36)96)71)89)17)48)91)04)71)63)82)12)85)56)32)70
14.05.2009  Zahlen:
9)84)30)49)33)68)02)38)57)19)68)53)54)61)37)40)00)74)79)01
15.05.2009  Zahlen:
6)44)51)03)62)40)81)76)26)80)08)13)05)97)57)42)38)86)11)89
16.05.2009  Zahlen:
2)24)56)72)82)56)34)82)05)15)42)36)13)65)02)98)75)59)14)47
17.05.2009  Zahlen:
9)9)1)5)33)91)17)03)69)11)88)52)71)36)76)26)07)18)75)62
19.05.2009  Zahlen:
6)0)0)15)21)16)17)40)62)86)65)74)46)20)01)82)76)13)33)76
20.05.2009  Zahlen:
5)8)1)87)15)15)14)46)49)29)13)58)91)04)10)68)10)88)33)83
21.05.2009  Zahlen:
1)4)10)15)17)19)21)30)33)34)38)51)54)56)57)58)59)65)69)70
22.05.2009  Zahlen:
1)2)91)74)72)53)15)75)61)32)92)79)45)51)26)17)69)33)78)26
23.05.2009  Zahlen:
5)3)34)14)27)72)05)85)06)31)49)58)76)83)41)49)83)87)14)84
24.05.2009  Zahlen:
1)5)6)13)14)18)19)21)25)32)37)39)44)45)47)58)59)61)65)70
26.05.2009  Zahlen:
9)5)3)08)34)12)43)44)09)15)86)49)94)72)93)49)78)69)98)97
27.05.2009  Zahlen:
4)1)97)88)10)67)17)59)36)14)81)89)65)35)23)37)47)22)39)31
28.05.2009  Zahlen:
1)68)19)01)41)47)08)23)87)66)65)47)84)89)03)07)26)05)14)88
29.05.2009  Zahlen:
6)3)6)8)4)80)44)08)05)60)67)04)29)60)28)73)93)22)62)30
30.05.2009  Zahlen:
5)39)74)23)35)67)39)96)61)80)76)89)24)65)14)13)30)31)13)23
31.05.2009  Zahlen:
2)8)14)18)28)32)38)39)45)47)49)52)55)56)61)63)64)65)66)70
02.06.2009  Zahlen:
0)3)43)17)19)11)29)10)14)07)01)68)02)03)28)82)82)61)44)79
03.06.2009  Zahlen:
2)4)5)99)83)82)10)97)46)61)25)34)00)39)54)46)22)62)40)08
04.06.2009  Zahlen:
1)3)14)18)19)20)21)23)25)26)28)30)34)38)46)55)62)63)69)70
05.06.2009  Zahlen:
1)7)16)17)33)36)38)39)42)43)44)45)48)51)57)58)61)62)69)70
06.06.2009  Zahlen:
2)0)6)7)27)74)53)20)54)88)59)50)46)60)92)68)06)37)63)59
09.06.2009  Zahlen:
7)4)5)75)70)28)63)27)43)73)43)96)48)21)46)99)68)50)93)29
10.06.2009  Zahlen:
5)7)79)96)46)45)24)86)14)85)50)27)95)71)27)22)79)42)80)63
11.06.2009  Zahlen:
6)8)7)76)73)35)00)44)77)89)91)29)59)08)25)47)28)40)41)62
12.06.2009  Zahlen:
0)1)11)90)09)29)17)81)12)69)58)09)63)31)38)65)95)87)26)52
13.06.2009  Zahlen:
7)8)6)79)48)20)59)90)68)71)03)59)26)75)76)12)33)33)09)80
16.06.2009  Zahlen:
5)6)51)30)30)12)75)40)79)99)27)33)41)47)57)07)86)53)87)99
17.06.2009  Zahlen:
2)0)5)1)9)22)00)66)74)58)56)38)55)27)92)90)58)62)75)57
18.06.2009  Zahlen:
2)3)16)19)22)32)33)34)37)39)42)43)46)52)54)55)58)59)61)70
19.06.2009  Zahlen:
4)49)95)33)09)73)00)21)44)43)25)86)51)66)26)99)76)13)76)38
20.06.2009  Zahlen:
7)9)5)23)03)14)47)64)57)87)43)04)65)10)45)01)12)14)23)22
21.06.2009  Zahlen:
5)5)7)32)07)18)54)27)50)12)21)97)44)25)96)54)73)14)83)22
23.06.2009  Zahlen:
2)7)69)48)01)79)01)02)81)76)35)94)36)77)06)67)38)72)06)23
24.06.2009  Zahlen:
2)5)8)59)66)61)71)22)71)62)28)93)82)42)56)05)78)91)36)06
25.06.2009  Zahlen:
0)0)42)83)29)77)87)68)05)04)62)80)98)02)76)09)35)68)92)68
26.06.2009  Zahlen:
2)84)33)52)84)25)23)11)30)40)68)17)01)84)83)75)05)74)90)78
27.06.2009  Zahlen:
26)70)50)23)81)72)50)79)45)24)49)51)52)76)09)43)93)50)19)76
28.06.2009  Zahlen:
5)0)4)6)89)36)75)51)77)58)87)85)74)39)63)56)63)02)22)74
30.06.2009  Zahlen:
3)0)6)2)0)58)15)58)20)38)20)61)60)46)55)81)50)29)83)14
01.07.2009  Zahlen:
2)5)3)9)74)62)75)46)77)21)23)55)60)00)19)37)99)67)83)34
02.07.2009  Zahlen:
8)3)2)3)63)79)92)61)20)23)79)11)74)78)63)74)72)61)34)90
03.07.2009  Zahlen:
2)7)5)11)28)96)14)73)98)87)80)84)01)79)95)04)17)32)13)85
04.07.2009  Zahlen:
1)8)2)5)29)66)04)00)18)34)30)07)26)70)23)31)87)83)75)65
05.07.2009  Zahlen:
6)27)05)09)64)22)60)78)55)03)34)61)42)57)22)93)28)28)56)06
07.07.2009  Zahlen:
1)70)56)90)90)45)76)57)52)67)15)38)36)58)57)90)29)48)20)91
08.07.2009  Zahlen:
6)5)8)00)56)00)41)31)34)67)33)28)65)82)30)22)92)97)26)00
09.07.2009  Zahlen:
1)12)57)39)84)30)12)90)07)06)94)35)09)68)87)44)58)70)09)07
10.07.2009  Zahlen:
4)14)79)53)20)73)45)27)78)51)02)93)71)12)91)18)55)19)86)72
11.07.2009  Zahlen:
6)9)27)85)10)94)09)45)46)26)26)87)47)78)00)29)42)62)62)46
12.07.2009  Zahlen:
5)4)2)5)65)80)85)29)42)83)99)90)42)64)74)71)27)74)31)59
14.07.2009  Zahlen:
8)2)0)00)93)89)17)35)87)02)58)01)16)61)43)41)73)45)11)79
15.07.2009  Zahlen:
2)3)3)72)77)28)86)72)14)94)26)91)92)71)13)18)89)56)46)91
16.07.2009  Zahlen:
6)40)60)75)16)12)76)31)03)65)98)43)15)91)31)22)18)20)66)71
17.07.2009  Zahlen:
7)3)58)70)26)34)86)23)99)05)33)32)09)57)96)55)44)91)09)02
18.07.2009  Zahlen:
8)2)51)15)51)94)75)65)18)39)29)08)50)63)17)65)98)73)01)42
19.07.2009  Zahlen:
6)95)53)51)79)06)00)20)23)56)71)48)32)74)33)34)38)94)98)11
21.07.2009  Zahlen:
9)31)46)76)78)65)62)83)21)85)09)57)75)77)29)03)47)94)00)48
22.07.2009  Zahlen:
2)20)63)05)03)78)99)07)24)28)65)43)15)63)50)00)94)67)58)05
23.07.2009  Zahlen:
3)2)3)54)52)58)07)55)07)66)82)59)84)95)39)65)97)95)65)44
24.07.2009  Zahlen:
7)5)8)23)93)92)17)44)72)16)93)22)81)09)73)90)28)90)64)12
25.07.2009  Zahlen:
4)5)7)12)22)26)28)29)32)42)43)47)49)51)61)62)63)65)66)70
26.07.2009  Zahlen:
1)3)8)9)12)26)29)30)31)36)40)42)47)48)59)61)62)65)67)70
28.07.2009  Zahlen:
5)7)12)13)16)25)32)37)38)41)44)45)50)51)56)57)63)67)68)70
29.07.2009  Zahlen:
3)1)89)06)21)64)81)00)76)29)67)74)86)32)37)18)84)29)53)69
30.07.2009  Zahlen:
8)8)2)82)48)27)39)02)65)07)16)96)11)59)39)77)68)73)12)01
31.07.2009  Zahlen:
7)4)3)1)3)18)84)29)88)11)26)11)20)25)14)47)89)27)65)35
01.08.2009  Zahlen:
5)4)85)97)39)85)51)66)31)89)73)97)75)59)99)27)77)48)13)43
02.08.2009  Zahlen:
6)0)7)9)99)96)92)89)14)10)62)54)75)23)00)37)78)46)33)99
04.08.2009  Zahlen:
8)8)55)48)87)97)66)88)45)26)90)53)77)27)16)45)27)98)32)13
05.08.2009  Zahlen:
6)05)38)07)31)25)44)64)87)69)38)24)80)99)34)18)61)17)08)87
06.08.2009  Zahlen:
1)7)8)10)14)19)22)25)30)36)48)49)50)51)56)64)66)67)69)70
07.08.2009  Zahlen:
7)9)24)19)34)63)56)59)00)99)95)35)56)10)07)27)34)69)62)49
08.08.2009  Zahlen:
3)18)83)44)18)62)16)11)94)59)44)13)65)32)96)21)76)40)53)15
09.08.2009  Zahlen:
1)3)4)7)13)21)23)25)30)31)36)39)45)48)53)54)58)62)69)70
11.08.2009  Zahlen:
12)16)17)18)20)21)24)25)30)31)35)38)40)48)49)53)63)66)68)70
12.08.2009  Zahlen:
5)1)1)57)81)94)41)96)32)75)13)74)37)93)88)06)48)70)18)61
13.08.2009  Zahlen:
8)6)7)5)59)24)49)71)30)13)14)61)74)84)98)51)74)54)69)79
14.08.2009  Zahlen:
2)03)17)41)15)33)28)36)66)17)34)10)87)84)13)54)90)68)11)69
15.08.2009  Zahlen:
21)97)80)96)67)30)92)30)12)17)12)09)48)14)04)23)66)41)97)42
16.08.2009  Zahlen:
4)3)36)79)38)90)60)81)58)28)00)45)52)92)43)31)23)74)65)80
18.08.2009  Zahlen:
2)4)5)6)8)13)19)25)31)32)34)36)37)40)48)54)55)58)59)65
19.08.2009  Zahlen:
6)9)14)16)18)19)20)30)32)36)47)48)49)51)52)56)58)60)61)65
20.08.2009  Zahlen:
7)8)6)02)13)02)15)34)38)48)42)44)10)07)45)90)75)46)86)73
21.08.2009  Zahlen:
7)4)5)9)78)92)10)57)14)63)38)16)81)70)96)95)24)90)12)64
22.08.2009  Zahlen:
0)6)23)04)63)75)91)30)74)37)75)29)11)04)21)11)26)36)31)58
23.08.2009  Zahlen:
8)29)25)05)36)02)34)88)27)09)52)32)91)31)19)11)52)38)34)17
25.08.2009  Zahlen:
5)0)6)8)1)36)47)60)86)96)85)72)38)25)26)58)60)19)68)00
26.08.2009  Zahlen:
6)0)8)7)3)64)01)37)80)14)24)81)57)51)95)47)83)12)65)32
27.08.2009  Zahlen:
8)3)6)8)77)20)39)66)20)39)58)05)90)00)61)29)45)53)29)83
28.08.2009  Zahlen:
6)10)18)21)22)25)31)32)33)37)39)40)43)58)59)60)62)64)67)70
29.08.2009  Zahlen:
09)72)87)04)59)16)06)34)30)72)25)57)21)53)27)13)66)90)28)94
30.08.2009  Zahlen:
1)3)4)5)6)8)28)34)35)40)43)44)48)49)50)58)61)68)69)70
01.09.2009  Zahlen:
2)5)22)14)11)79)47)11)74)72)62)25)37)11)50)59)28)49)11)68
  Zahlen:  0)0)0)0)0)0)0)0)0)0)0)0)0)0)0)0)0)0)0)0
02.09.2009  Zahlen:
3)0)60)44)33)77)39)97)41)00)49)37)36)53)90)40)13)49)84)18
03.09.2009  Zahlen:
7)1)5)69)69)69)15)58)07)76)91)18)74)01)37)81)80)30)28)79
04.09.2009  Zahlen:
2)54)33)89)80)73)01)20)43)03)15)78)60)01)25)44)13)19)65)29
05.09.2009  Zahlen:
3)2)76)08)89)45)73)78)50)62)97)56)02)24)86)13)80)90)48)73
06.09.2009  Zahlen:
3)46)00)75)19)54)13)40)59)95)13)42)19)60)97)59)03)31)18)40
08.09.2009  Zahlen:
4)12)54)35)81)02)98)27)34)69)85)74)38)45)28)94)84)02)51)55
09.09.2009  Zahlen:
3)6)11)16)23)26)29)30)31)32)35)42)45)48)51)59)60)66)68)70
10.09.2009  Zahlen:
0)6)0)74)83)11)00)79)42)36)96)33)02)47)71)69)99)17)32)95
11.09.2009  Zahlen:
5)5)5)9)48)02)90)39)82)91)84)52)76)69)14)00)40)59)79)86
12.09.2009  Zahlen:
2)3)7)9)13)20)28)31)32)33)34)35)38)39)41)51)53)55)58)60
13.09.2009  Zahlen:
4)36)89)20)11)49)09)38)46)23)14)17)59)27)69)45)69)51)61)59
15.09.2009  Zahlen:
7)6)4)9)26)07)67)09)50)43)76)44)01)43)24)69)63)06)76)34
16.09.2009  Zahlen:
0)3)7)19)10)13)55)68)49)39)97)03)33)97)74)84)29)16)86)20
17.09.2009  Zahlen:
4)6)11)12)21)22)31)39)41)44)48)53)55)58)59)61)64)65)66)70
18.09.2009  Zahlen:
1)4)5)7)8)10)22)24)25)43)48)52)54)56)57)58)59)61)69)70
19.09.2009  Zahlen:
5)5)18)24)60)51)28)81)13)36)27)96)80)24)91)21)98)74)28)50
20.09.2009  Zahlen:
2)4)85)75)86)48)16)26)84)73)93)49)85)03)12)49)94)37)48)48
22.09.2009  Zahlen:
2)2)14)23)71)43)40)39)68)43)37)09)60)04)06)55)05)19)03)81
23.09.2009  Zahlen:
0)5)98)76)63)47)37)12)05)37)88)98)13)57)35)38)76)06)42)65
24.09.2009  Zahlen:
1)3)6)8)10)11)13)15)19)26)29)31)33)38)42)44)49)61)62)65
25.09.2009  Zahlen:
0)1)8)96)50)12)19)13)22)25)23)31)92)05)27)35)48)35)44)22
26.09.2009  Zahlen:
5)5)34)83)75)35)16)54)62)10)33)48)51)85)57)31)05)53)18)86
27.09.2009  Zahlen:
3)8)5)0)04)97)97)96)64)58)51)54)72)84)38)37)73)45)10)54
29.09.2009  Zahlen:
2)0)20)37)29)97)56)80)21)36)61)17)70)94)28)03)00)14)47)35
30.09.2009  Zahlen:
4)0)3)7)33)35)48)46)57)26)29)50)09)03)68)69)14)91)18)15
01.10.2009  Zahlen:
0)4)5)5)12)15)90)31)42)99)36)42)47)81)45)87)12)74)72)58
02.10.2009  Zahlen:
5)3)73)97)22)28)22)24)28)65)78)24)81)67)03)61)43)69)81)09
03.10.2009  Zahlen:
2)3)12)16)21)27)31)33)36)38)42)43)45)48)52)58)59)63)64)65
04.10.2009  Zahlen:
8)2)17)22)69)49)04)77)64)56)72)11)08)33)54)96)24)56)23)53
06.10.2009  Zahlen:
5)1)4)0)7)34)48)84)81)87)71)77)56)56)62)13)37)55)60)99
07.10.2009  Zahlen:
3)7)17)55)76)81)11)07)73)77)41)45)70)14)21)01)87)29)71)41
08.10.2009  Zahlen:
30)57)59)61)77)83)06)76)44)98)88)07)50)01)81)65)92)93)93)19
09.10.2009  Zahlen:
3)0)60)13)61)88)12)68)18)79)09)15)24)28)64)77)51)09)28)96
10.10.2009  Zahlen:
7)4)9)4)6)6)29)63)89)14)81)36)91)76)39)14)82)66)46)90
11.10.2009  Zahlen:
0)49)30)26)51)27)77)59)69)15)58)44)23)71)12)39)75)06)07)37
13.10.2009  Zahlen:
5)5)2)4)80)03)69)72)57)46)11)39)09)79)74)99)02)13)72)76
14.10.2009  Zahlen:
6)63)47)18)88)10)71)88)87)21)10)87)47)68)17)84)30)01)83)40
15.10.2009  Zahlen:
0)9)72)34)54)71)94)10)59)00)80)20)06)02)46)29)62)86)76)66
16.10.2009  Zahlen:
1)5)25)02)18)89)30)76)41)95)75)35)45)10)48)59)65)34)83)39
17.10.2009  Zahlen:
1)5)50)05)20)09)13)29)08)38)31)66)15)39)25)22)64)96)92)58
18.10.2009  Zahlen:
1)2)8)9)11)18)21)22)24)33)36)41)43)46)51)52)54)57)65)70
20.10.2009  Zahlen:
6)28)29)30)32)34)37)38)39)40)49)52)56)59)60)61)63)67)68)70
21.10.2009  Zahlen:
6)2)41)24)31)77)19)52)64)73)47)94)19)05)63)51)56)76)62)82
22.10.2009  Zahlen:
6)7)8)9)14)18)23)27)28)30)35)39)40)49)52)55)56)64)66)70
23.10.2009  Zahlen:
9)3)03)33)47)96)74)42)89)79)89)66)87)94)50)57)22)12)24)30
24.10.2009  Zahlen:
2)4)5)7)8)15)17)18)19)31)36)47)50)51)52)57)60)62)69)70
25.10.2009  Zahlen:
1)6)1)3)78)14)33)43)06)28)51)22)90)97)01)24)20)04)96)86
27.10.2009  Zahlen:
2)3)9)9)6)31)12)27)63)67)09)99)44)06)66)70)77)30)48)77
28.10.2009  Zahlen:
4)5)5)28)65)32)97)90)39)17)99)44)65)12)61)53)10)27)51)51
29.10.2009  Zahlen:
3)11)15)18)23)28)30)31)32)33)35)40)41)45)46)47)55)56)61)70
30.10.2009  Zahlen:
3)8)71)50)82)22)37)06)84)41)24)75)55)97)94)29)94)32)32)59
31.10.2009  Zahlen:
3)1)67)28)88)94)63)70)76)70)24)80)85)87)40)35)65)88)16)08
01.11.2009  Zahlen:
0)9)2)82)45)57)99)46)88)24)79)64)97)46)39)64)68)29)16)16
03.11.2009  Zahlen:
1)48)02)41)72)39)91)69)88)42)03)15)60)65)80)03)39)94)06)16
04.11.2009  Zahlen:
3)2)4)52)35)36)69)29)79)92)71)52)34)62)04)76)89)67)92)78
05.11.2009  Zahlen:
30)79)75)70)48)72)82)28)33)81)55)38)92)43)10)26)34)86)12)56
06.11.2009  Zahlen:
4)6)2)52)22)06)95)41)17)95)21)28)19)44)31)80)32)01)13)42
07.11.2009  Zahlen:
1)9)61)75)39)97)98)77)63)80)89)75)91)79)88)62)53)42)85)14
08.11.2009  Zahlen:
1)9)15)12)37)84)74)78)18)25)45)00)52)16)74)79)69)32)77)08
10.11.2009  Zahlen:
5)0)9)04)48)89)44)69)30)83)49)74)51)42)76)42)72)71)20)79
11.11.2009  Zahlen:
7)0)0)80)68)55)62)97)94)39)94)62)91)50)62)97)38)77)06)72
12.11.2009  Zahlen:
8)3)88)37)27)83)24)68)70)82)09)53)09)51)56)99)79)38)05)92
13.11.2009  Zahlen:
8)1)2)8)81)01)16)47)33)94)72)28)48)29)74)29)60)56)64)85
14.11.2009  Zahlen:
9)5)2)98)49)14)88)97)91)37)52)87)66)38)20)27)51)27)49)88
15.11.2009  Zahlen:
1)2)10)11)16)18)26)34)38)39)45)46)47)50)55)59)60)64)66)70
17.11.2009  Zahlen:
4)5)57)05)85)63)49)40)43)89)28)65)64)17)37)90)45)44)93)97
18.11.2009  Zahlen:
9)48)44)95)45)56)82)23)02)88)06)11)33)29)77)78)77)17)15)01
19.11.2009  Zahlen:
1)1)04)70)84)08)01)69)94)72)94)43)14)65)60)80)34)79)98)67
20.11.2009  Zahlen:
22)92)48)23)61)11)00)44)41)21)58)21)62)19)08)69)45)20)09)92
21.11.2009  Zahlen:
3)3)2)0)6)91)33)92)86)39)74)07)84)92)15)01)27)79)20)64
22.11.2009  Zahlen:
6)6)9)0)05)02)56)01)21)37)62)20)60)39)85)88)70)60)36)14
24.11.2009  Zahlen:  0)0)0)0)0)0)0)0)0)0)0)0)0)0)0)0)0)0)0)0
25.11.2009  Zahlen:  0)0)0)0)0)0)0)0)0)0)0)0)0)0)0)0)0)0)0)0
26.11.2009  Zahlen:  0)0)0)0)0)0)0)0)0)0)0)0)0)0)0)0)0)0)0)0
27.11.2009  Zahlen:  0)0)0)0)0)0)0)0)0)0)0)0)0)0)0)0)0)0)0)0
28.11.2009  Zahlen:  0)0)0)0)0)0)0)0)0)0)0)0)0)0)0)0)0)0)0)0
29.11.2009  Zahlen:  0)0)0)0)0)0)0)0)0)0)0)0)0)0)0)0)0)0)0)0
01.12.2009  Zahlen:  0)0)0)0)0)0)0)0)0)0)0)0)0)0)0)0)0)0)0)0
02.12.2009  Zahlen:  0)0)0)0)0)0)0)0)0)0)0)0)0)0)0)0)0)0)0)0
03.12.2009  Zahlen:  0)0)0)0)0)0)0)0)0)0)0)0)0)0)0)0)0)0)0)0
04.12.2009  Zahlen:  0)0)0)0)0)0)0)0)0)0)0)0)0)0)0)0)0)0)0)0
05.12.2009  Zahlen:  0)0)0)0)0)0)0)0)0)0)0)0)0)0)0)0)0)0)0)0
06.12.2009  Zahlen:  0)0)0)0)0)0)0)0)0)0)0)0)0)0)0)0)0)0)0)0
08.12.2009  Zahlen:  0)0)0)0)0)0)0)0)0)0)0)0)0)0)0)0)0)0)0)0
09.12.2009  Zahlen:  0)0)0)0)0)0)0)0)0)0)0)0)0)0)0)0)0)0)0)0
10.12.2009  Zahlen:  0)0)0)0)0)0)0)0)0)0)0)0)0)0)0)0)0)0)0)0
11.12.2009  Zahlen:  0)0)0)0)0)0)0)0)0)0)0)0)0)0)0)0)0)0)0)0
12.12.2009  Zahlen:  0)0)0)0)0)0)0)0)0)0)0)0)0)0)0)0)0)0)0)0
13.12.2009  Zahlen:  0)0)0)0)0)0)0)0)0)0)0)0)0)0)0)0)0)0)0)0
15.12.2009  Zahlen:  0)0)0)0)0)0)0)0)0)0)0)0)0)0)0)0)0)0)0)0
16.12.2009  Zahlen:  0)0)0)0)0)0)0)0)0)0)0)0)0)0)0)0)0)0)0)0
17.12.2009  Zahlen:  0)0)0)0)0)0)0)0)0)0)0)0)0)0)0)0)0)0)0)0
18.12.2009  Zahlen:  0)0)0)0)0)0)0)0)0)0)0)0)0)0)0)0)0)0)0)0
19.12.2009  Zahlen:  0)0)0)0)0)0)0)0)0)0)0)0)0)0)0)0)0)0)0)0
20.12.2009  Zahlen:  0)0)0)0)0)0)0)0)0)0)0)0)0)0)0)0)0)0)0)0
22.12.2009  Zahlen:  0)0)0)0)0)0)0)0)0)0)0)0)0)0)0)0)0)0)0)0
23.12.2009  Zahlen:  0)0)0)0)0)0)0)0)0)0)0)0)0)0)0)0)0)0)0)0
24.12.2009  Zahlen:  0)0)0)0)0)0)0)0)0)0)0)0)0)0)0)0)0)0)0)0
25.12.2009  Zahlen:  0)0)0)0)0)0)0)0)0)0)0)0)0)0)0)0)0)0)0)0
26.12.2009  Zahlen:  0)0)0)0)0)0)0)0)0)0)0)0)0)0)0)0)0)0)0)0
27.12.2009  Zahlen:  0)0)0)0)0)0)0)0)0)0)0)0)0)0)0)0)0)0)0)0
29.12.2009  Zahlen:  0)0)0)0)0)0)0)0)0)0)0)0)0)0)0)0)0)0)0)0
30.12.2009  Zahlen:  0)0)0)0)0)0)0)0)0)0)0)0)0)0)0)0)0)0)0)0
31.12.2009  Zahlen:  0)0)0)0)0)0)0)0)0)0)0)0)0)0)0)0)0)0)0)0
01.01.2010  Zahlen:  0)0)0)0)0)0)0)0)0)0)0)0)0)0)0)0)0)0)0)0
02.01.2010  Zahlen:  0)0)0)0)0)0)0)0)0)0)0)0)0)0)0)0)0)0)0)0
03.01.2010  Zahlen:  0)0)0)0)0)0)0)0)0)0)0)0)0)0)0)0)0)0)0)0
05.01.2010  Zahlen:
8)3)05)86)11)97)49)79)99)73)30)00)48)16)76)85)53)73)06)72
06.01.2010  Zahlen:
1)2)3)11)12)13)15)18)21)23)27)38)39)43)44)50)61)65)67)70
07.01.2010  Zahlen:
9)88)60)14)41)20)92)17)75)79)78)46)15)87)99)39)03)15)66)96
08.01.2010  Zahlen:
0)5)0)95)79)43)09)95)51)76)50)83)66)40)39)99)31)48)54)81
09.01.2010  Zahlen:
9)2)2)96)27)99)35)53)33)42)02)55)69)58)43)30)50)50)25)67
10.01.2010  Zahlen:
0)58)99)14)75)19)23)66)00)76)20)21)52)08)19)32)17)38)44)78
12.01.2010  Zahlen:
9)10)12)13)16)17)18)22)27)29)32)35)39)41)46)48)53)55)57)60
13.01.2010  Zahlen:
3)4)6)09)04)38)41)30)37)14)49)28)99)74)83)09)97)60)12)56
14.01.2010  Zahlen:
0)4)7)6)61)39)61)94)52)37)71)96)39)57)93)81)12)65)11)77
15.01.2010  Zahlen:
9)13)14)15)20)23)27)33)40)41)43)44)45)48)49)58)61)68)69)70
16.01.2010  Zahlen:
7)8)16)18)22)24)25)35)37)38)44)45)47)51)55)56)57)63)64)70
17.01.2010  Zahlen:
8)9)79)03)63)23)77)84)53)61)62)77)65)79)56)21)45)77)22)30
19.01.2010  Zahlen:
7)9)4)48)88)46)14)24)39)04)85)06)91)29)16)61)49)11)76)42
20.01.2010  Zahlen:
1)9)9)9)65)34)17)42)52)67)26)33)81)05)53)62)98)44)25)19
21.01.2010  Zahlen:
2)7)0)21)43)53)74)99)45)05)89)72)15)44)21)82)46)01)52)72
22.01.2010  Zahlen:
5)6)8)40)98)15)08)74)53)38)45)35)46)12)28)31)09)56)36)88
23.01.2010  Zahlen:
1)7)9)11)12)16)20)22)24)28)29)30)34)46)50)54)55)56)68)70
24.01.2010  Zahlen:
11)13)15)20)24)29)32)37)38)39)44)46)50)53)58)60)62)63)64)70
26.01.2010  Zahlen:
8)5)55)14)46)30)80)87)73)04)29)57)24)20)69)89)61)02)03)97
27.01.2010  Zahlen:
5)80)32)76)37)51)91)41)17)21)56)00)39)53)44)92)30)81)26)36
28.01.2010  Zahlen:
1)7)1)4)12)77)08)51)76)29)49)09)85)32)39)88)25)97)01)85
29.01.2010  Zahlen:
0)5)1)65)63)45)91)64)40)10)07)46)34)25)95)33)93)73)62)80
30.01.2010  Zahlen:
4)4)9)37)89)83)08)70)45)24)46)79)51)26)45)33)35)49)31)52
31.01.2010  Zahlen:
5)6)8)3)22)81)26)42)08)08)97)48)62)59)35)01)90)85)08)80
02.02.2010  Zahlen:
1)33)45)10)85)70)53)92)63)68)15)76)10)86)49)75)91)67)17)55
03.02.2010  Zahlen:
7)3)7)74)77)90)81)78)69)24)54)66)63)45)93)21)65)25)16)49
04.02.2010  Zahlen:
8)2)3)18)04)67)68)54)81)41)50)59)83)43)09)45)80)25)74)04
05.02.2010  Zahlen:
8)9)8)5)66)54)93)78)01)70)41)35)76)43)41)94)81)61)73)75
06.02.2010  Zahlen:
3)2)2)54)53)81)48)80)82)78)07)90)22)28)66)96)27)48)74)90
07.02.2010  Zahlen:
4)7)5)17)72)40)54)00)35)39)04)46)46)04)43)10)26)55)53)28
09.02.2010  Zahlen:
3)3)3)19)32)25)75)52)35)05)41)73)83)67)49)64)76)55)93)96
10.02.2010  Zahlen:
1)6)7)14)16)23)25)27)31)32)36)37)40)51)58)59)62)68)69)70
11.02.2010  Zahlen:
1)8)9)10)14)18)22)24)29)32)38)39)44)51)54)56)57)59)65)70
12.02.2010  Zahlen:
6)9)1)59)86)12)67)06)04)43)34)40)98)30)43)74)79)80)57)36
13.02.2010  Zahlen:
5)0)0)26)17)80)80)35)90)03)24)67)18)60)97)59)82)78)37)42
14.02.2010  Zahlen:
0)6)4)27)37)43)39)55)97)96)61)68)42)11)98)35)21)69)98)33
16.02.2010  Zahlen:
8)20)25)26)27)30)31)32)33)34)39)41)46)47)49)50)51)52)63)70
17.02.2010  Zahlen:
2)4)13)14)16)20)25)26)28)31)33)40)51)53)55)56)60)65)68)70
18.02.2010  Zahlen:
2)7)2)69)18)68)66)08)87)30)59)34)43)70)37)35)60)54)50)06
19.02.2010  Zahlen:
2)6)7)17)19)20)26)30)34)35)36)37)47)59)60)63)65)68)69)70
20.02.2010  Zahlen:
6)8)95)79)25)22)84)23)86)85)81)53)35)30)31)42)16)75)40)87
21.02.2010  Zahlen:
3)8)9)18)20)21)23)26)32)39)40)41)46)53)55)57)58)63)69)70
23.02.2010  Zahlen:
9)2)85)41)89)48)97)21)48)36)28)85)03)16)12)64)75)32)28)16
24.02.2010  Zahlen:
8)0)7)69)11)29)50)40)72)10)18)17)43)73)05)20)92)24)65)89
25.02.2010  Zahlen:
0)4)4)8)70)11)14)77)99)77)09)03)17)16)01)74)79)59)74)70
26.02.2010  Zahlen:
5)5)0)74)37)27)15)54)90)74)82)96)81)77)37)96)30)22)37)51
27.02.2010  Zahlen:
1)2)5)6)11)13)14)21)24)25)33)38)40)48)55)56)61)66)69)70
28.02.2010  Zahlen:
3)4)5)10)14)15)16)19)25)26)35)37)38)41)48)50)51)52)59)60
02.03.2010  Zahlen:
1)5)1)65)12)52)36)20)04)98)97)38)42)48)18)92)56)45)03)81
03.03.2010  Zahlen:
2)6)12)15)16)19)21)28)31)32)35)39)48)49)50)52)57)62)63)65
04.03.2010  Zahlen:
3)9)5)57)28)89)49)59)25)07)94)05)50)69)03)71)03)64)48)71
05.03.2010  Zahlen:
4)4)2)5)1)16)81)01)71)99)02)92)26)53)62)18)43)11)76)86
06.03.2010  Zahlen:
8)4)2)2)13)73)87)13)88)47)87)32)99)36)53)63)72)26)70)40
07.03.2010  Zahlen:
8)4)94)44)56)40)84)74)23)51)06)92)70)57)46)76)01)83)09)89
09.03.2010  Zahlen:
09)66)86)88)32)66)40)16)88)31)08)15)37)52)04)66)56)97)83)42
10.03.2010  Zahlen:
2)6)1)55)51)09)39)23)70)85)73)61)29)04)78)93)65)73)40)47
11.03.2010  Zahlen:
4)3)16)64)43)09)25)86)85)31)77)60)39)07)12)55)32)60)40)62
12.03.2010  Zahlen:
2)2)91)39)05)63)94)99)60)30)91)74)34)54)94)73)62)05)20)25
13.03.2010  Zahlen:
2)4)4)8)34)58)05)86)49)27)51)46)43)02)94)41)43)69)83)14
14.03.2010  Zahlen:
0)5)8)44)27)00)20)44)28)39)97)00)58)95)49)85)16)55)38)96
16.03.2010  Zahlen:
6)4)13)37)29)68)19)97)57)52)17)70)34)02)01)25)18)84)29)82
17.03.2010  Zahlen:
4)0)7)64)14)49)35)09)34)80)24)04)83)82)54)35)79)39)57)20
18.03.2010  Zahlen:
3)71)38)96)51)63)38)30)64)34)01)95)84)41)40)79)12)03)82)31
19.03.2010  Zahlen:
2)8)9)4)27)59)19)15)70)26)15)53)64)99)23)93)72)03)50)60
20.03.2010  Zahlen:
8)4)2)6)15)53)34)60)06)47)04)88)33)45)25)28)27)90)89)03
21.03.2010  Zahlen:
4)21)05)30)18)40)45)16)76)16)50)30)02)71)80)21)55)28)69)28
23.03.2010  Zahlen:
6)1)1)30)13)38)19)73)78)33)82)45)13)17)55)20)98)16)41)55
24.03.2010  Zahlen:
7)16)20)27)29)31)33)35)36)44)47)53)54)56)60)62)64)66)67)70
25.03.2010  Zahlen:
5)0)9)0)4)22)28)88)39)28)78)12)15)82)06)42)19)73)54)93
26.03.2010  Zahlen:
6)94)53)25)47)08)80)88)70)28)23)04)72)22)48)90)36)64)51)39
27.03.2010  Zahlen:
4)5)4)12)84)63)48)14)39)00)96)88)84)18)14)99)31)60)13)84
28.03.2010  Zahlen:
6)6)04)80)75)06)69)88)89)38)52)82)90)19)29)05)27)09)89)86
30.03.2010  Zahlen:
5)9)8)95)36)73)04)75)09)95)40)96)67)33)10)25)22)87)94)40
31.03.2010  Zahlen:
0)5)6)75)88)66)60)14)21)27)92)46)32)43)48)18)83)10)43)14
01.04.2010  Zahlen:
8)9)7)4)08)24)32)63)62)21)25)87)72)02)45)21)72)19)33)39
02.04.2010  Zahlen:
9)7)8)4)17)82)94)73)20)91)94)70)53)91)37)15)36)55)84)72
03.04.2010  Zahlen:
03)63)63)00)57)82)36)26)87)32)41)96)30)87)18)32)81)65)89)41
04.04.2010  Zahlen:
5)13)18)22)23)24)32)33)39)43)45)49)50)51)56)58)59)61)68)70
06.04.2010  Zahlen:
3)3)5)9)3)33)31)98)88)11)89)20)10)37)81)68)65)74)65)95
07.04.2010  Zahlen:
5)5)8)93)97)11)39)21)25)29)42)42)55)92)15)43)62)19)14)26
07.04.2020  Zahlen:
6)2)1)91)69)90)44)44)48)48)92)46)97)12)52)91)50)36)41)98
09.04.2010  Zahlen:
9)7)47)08)00)87)26)35)44)02)09)73)89)52)33)14)42)25)30)16
10.04.2010  Zahlen:
3)4)5)11)72)69)51)84)31)98)24)78)63)52)82)13)05)64)85)62
11.04.2010  Zahlen:
7)7)91)39)93)85)49)39)10)99)30)59)23)28)66)65)38)84)35)40
13.04.2010  Zahlen:
8)25)12)15)94)41)03)22)60)82)96)79)81)12)14)13)01)22)77)75
14.04.2010  Zahlen:
6)7)5)0)57)81)99)95)80)32)79)48)73)02)44)07)55)99)10)81
15.04.2010  Zahlen:
1)1)62)89)83)59)29)72)33)89)49)00)71)01)44)83)76)10)18)54
16.04.2010  Zahlen:
7)10)11)15)22)24)31)32)33)34)36)37)38)40)43)46)55)60)68)70
17.04.2010  Zahlen:
3)6)8)91)95)22)22)59)36)38)05)23)27)84)85)28)27)24)54)43
18.04.2010  Zahlen:
6)25)23)73)92)92)09)26)14)15)10)90)41)89)77)95)38)36)09)94
20.04.2010  Zahlen:
1)21)30)08)48)16)55)23)51)15)42)80)25)63)89)48)10)88)68)41
21.04.2010  Zahlen:
3)10)12)17)24)27)32)35)36)37)39)40)41)43)51)53)57)64)66)70
22.04.2010  Zahlen:
2)6)6)90)87)63)75)43)66)41)11)60)45)69)62)16)80)58)59)98
23.04.2010  Zahlen:
3)6)73)77)97)68)37)74)67)78)01)70)73)83)74)65)82)94)13)43
24.04.2010  Zahlen:
5)71)80)76)05)41)28)66)57)11)50)46)49)14)94)23)88)24)65)73
25.04.2010  Zahlen:
3)6)6)89)56)52)67)46)87)54)49)59)46)86)68)40)19)99)47)86
27.04.2010  Zahlen:
1)3)6)8)26)29)37)39)43)48)52)54)57)59)60)62)66)67)69)70
28.04.2010  Zahlen:
4)5)49)00)96)31)99)85)37)66)66)47)59)56)42)65)58)93)14)10
29.04.2010  Zahlen:
4)8)10)11)12)14)16)18)27)42)43)44)49)50)51)55)58)62)66)70
30.04.2010  Zahlen:
1)1)97)17)22)03)54)97)89)39)37)00)42)94)45)66)92)63)92)84
01.05.2010  Zahlen:
9)50)26)92)71)82)19)81)48)29)86)50)03)11)04)42)13)54)04)41
02.05.2010  Zahlen:
3)1)09)21)18)32)49)85)52)98)49)56)59)29)24)02)76)88)72)88
04.05.2010  Zahlen:
4)7)2)81)35)91)60)23)22)17)81)35)62)22)47)26)56)40)74)93
05.05.2010  Zahlen:
1)2)5)9)15)19)20)25)26)31)37)48)50)52)54)57)59)63)64)70
06.05.2010  Zahlen:
2)9)69)11)64)25)54)50)44)99)08)48)94)17)22)52)39)77)29)69
07.05.2010  Zahlen:
4)3)5)8)04)69)22)10)25)73)94)07)25)95)72)15)75)92)18)24
08.05.2010  Zahlen:
1)5)8)16)21)23)26)28)37)38)39)43)47)50)52)53)59)62)63)70
09.05.2010  Zahlen:
2)6)84)03)23)84)66)09)60)60)49)82)62)76)05)85)36)55)56)27
11.05.2010  Zahlen:
0)5)4)44)57)58)36)76)98)38)68)57)62)62)72)64)62)61)59)09
12.05.2010  Zahlen:
4)6)7)8)20)21)28)30)36)37)38)49)50)57)61)62)65)66)68)70
13.05.2010  Zahlen:
6)19)24)31)32)33)34)35)39)44)54)55)56)58)59)61)63)67)68)70
14.05.2010  Zahlen:
3)0)3)5)40)26)07)69)99)64)41)37)21)14)66)72)02)81)39)65
15.05.2010  Zahlen:
0)94)60)25)20)87)69)62)78)39)89)92)52)82)01)42)15)32)61)97
16.05.2010  Zahlen:
2)8)65)23)55)73)40)78)42)35)49)25)66)84)23)94)00)02)01)99
18.05.2010  Zahlen:
7)11)12)19)20)22)23)27)34)35)37)42)43)46)53)55)57)58)60)65
19.05.2010  Zahlen:
1)8)0)14)72)41)07)27)66)75)15)17)74)86)47)00)96)48)75)49
20.05.2010  Zahlen:
4)1)1)62)48)50)34)41)31)86)96)09)93)97)75)57)33)22)03)68
21.05.2010  Zahlen:
5)6)9)4)1)51)00)62)55)46)26)42)22)50)12)79)46)83)20)41
22.05.2010  Zahlen:
2)8)7)49)74)82)95)79)42)96)68)90)19)53)79)45)60)33)44)49
23.05.2010  Zahlen:
0)8)74)88)73)97)01)49)83)47)60)01)15)13)21)98)24)57)94)98