Keno Zahlen 21.10.2007 bis 18.6.2010 Schweingruber Spranger

Die Keno-Ziehungen vom  21.10.2007  bis  18.06.2010
21.10.2007  Zahlen:
0)5)7)0)34)36)71)83)97)99)74)49)99)28)76)92)89)98)66)89
22.10.2007  Zahlen:
2)4)71)87)21)65)33)62)37)11)22)86)93)01)15)53)58)67)37)50
23.10.2007  Zahlen:
1)2)9)27)31)78)53)71)62)49)46)75)13)43)98)83)22)47)15)77
24.10.2007  Zahlen:
7)12)13)14)20)21)22)24)33)35)37)39)40)44)53)57)60)61)67)70
25.10.2007  Zahlen:
8)3)3)21)13)16)79)00)64)35)51)75)33)40)66)10)72)26)12)75
26.10.2007  Zahlen:
3)4)87)22)67)63)22)16)77)48)14)58)44)01)82)91)83)25)09)86
28.10.2007  Zahlen:
21)70)54)95)05)89)91)29)20)87)10)57)12)31)04)45)11)12)13)05
29.10.2007  Zahlen:
5)6)4)5)65)15)68)28)55)66)36)04)11)71)31)97)81)05)77)01
30.10.2007  Zahlen:
6)7)6)34)80)23)42)65)11)97)86)81)55)82)43)65)49)50)23)33
31.10.2007  Zahlen:
0)0)8)5)28)12)96)87)16)69)72)00)58)49)67)82)70)59)09)32
01.11.2007  Zahlen:
3)10)12)19)20)23)25)31)35)36)37)43)45)50)54)58)62)67)68)70
02.11.2007  Zahlen:
5)6)8)1)0)38)87)82)40)03)44)89)50)06)62)44)00)82)25)20
04.11.2007  Zahlen:
2)2)07)52)91)97)90)78)50)47)25)06)92)97)36)80)90)62)09)90
05.11.2007  Zahlen:
1)9)55)66)90)07)74)23)96)03)15)98)53)83)27)28)30)64)95)65
06.11.2007  Zahlen:
0)5)8)0)7)38)99)08)83)56)06)81)35)61)97)54)31)88)46)77
07.11.2007  Zahlen:
5)9)66)00)36)80)95)74)63)53)23)92)34)10)22)23)89)91)90)59
08.11.2007  Zahlen:
7)15)23)26)29)30)36)38)41)46)47)53)54)58)59)60)62)63)64)65
09.11.2007  Zahlen:
8)3)1)8)34)69)48)31)96)54)51)29)37)43)25)34)94)66)95)54
11.11.2007  Zahlen:
7)2)6)6)3)4)94)17)75)14)03)94)76)47)56)61)91)05)30)97
12.11.2007  Zahlen:
9)1)32)85)21)80)13)10)64)12)76)64)52)58)08)89)22)32)34)71
13.11.2007  Zahlen:
7)4)2)21)82)19)68)75)20)92)09)84)81)24)78)47)45)06)28)05
14.11.2007  Zahlen:
1)7)6)8)14)41)36)61)88)73)97)45)38)64)44)98)07)55)98)69
15.11.2007  Zahlen:
1)2)6)7)9)13)18)22)26)27)31)33)41)42)51)57)59)60)68)70
16.11.2007  Zahlen:
5)2)0)6)14)64)48)63)61)39)87)54)67)96)83)97)68)49)69)32
18.11.2007  Zahlen:
4)7)82)41)35)28)75)56)27)89)95)58)38)88)68)81)19)71)69)38
19.11.2007  Zahlen:
6)6)9)92)44)37)41)07)35)68)56)77)90)72)05)55)05)18)93)74
20.11.2007  Zahlen:
8)5)4)40)57)07)09)97)80)73)86)56)01)54)95)76)84)45)52)21
21.11.2007  Zahlen:
4)5)6)14)17)29)31)32)33)34)42)44)49)53)54)57)58)59)66)70
22.11.2007  Zahlen:
1)6)7)15)18)20)25)27)31)35)36)42)46)48)49)53)60)65)67)70
23.11.2007  Zahlen:
5)6)1)80)04)99)58)79)02)36)83)38)24)37)12)91)49)73)92)92
25.11.2007  Zahlen:
5)4)3)5)7)64)00)33)24)74)43)18)14)41)09)47)07)47)04)69
26.11.2007  Zahlen:
2)94)71)58)32)18)13)99)18)75)76)46)93)40)40)89)51)02)73)19
27.11.2007  Zahlen:
3)7)8)10)17)25)27)29)30)34)37)38)39)41)42)51)55)63)64)65
28.11.2007  Zahlen:
8)7)6)4)4)66)41)43)09)27)32)80)79)52)23)03)51)55)67)91
29.11.2007  Zahlen:
5)2)2)49)67)23)49)20)04)77)42)43)65)75)65)83)83)01)28)43
30.11.2007  Zahlen:
4)6)9)90)27)40)20)50)34)86)79)24)54)63)23)39)55)05)44)23
02.12.2007  Zahlen:
5)0)1)07)80)67)46)11)26)64)25)86)01)01)80)64)29)86)37)65
03.12.2007  Zahlen:
5)7)8)11)13)16)18)25)32)36)37)41)45)47)56)57)62)68)69)70
04.12.2007  Zahlen:
3)8)93)74)41)56)52)06)20)47)98)51)56)72)08)49)75)70)05)72
05.12.2007  Zahlen:
9)9)92)23)61)90)52)96)00)38)23)24)99)35)09)47)79)31)23)35
06.12.2007  Zahlen:
7)1)8)8)06)05)83)31)19)39)33)31)86)96)11)07)36)42)80)46
07.12.2007  Zahlen:
3)9)3)1)42)06)90)16)64)82)46)75)22)68)23)05)27)54)93)79
09.12.2007  Zahlen:
4)57)74)87)20)82)46)13)20)59)14)39)09)47)95)20)76)86)50)02
10.12.2007  Zahlen:
8)7)61)40)43)39)16)49)90)66)68)36)14)07)42)86)38)72)38)62
11.12.2007  Zahlen:
9)8)2)4)53)33)54)34)77)87)07)33)25)39)46)45)93)75)93)74
12.12.2007  Zahlen:
5)0)18)07)42)91)45)11)04)50)14)99)78)89)78)90)82)40)73)91
13.12.2007  Zahlen:
0)2)73)38)33)26)90)42)06)47)10)18)40)37)03)86)36)99)12)35
14.12.2007  Zahlen:
2)5)0)32)04)10)72)60)03)77)71)50)82)15)36)07)77)03)38)61
16.12.2007  Zahlen:
6)8)4)5)94)80)44)81)66)60)40)27)54)01)01)29)13)88)78)49
17.12.2007  Zahlen:
9)4)4)87)53)24)86)18)26)40)11)94)25)16)32)84)06)81)61)17
18.12.2007  Zahlen:
9)1)9)48)62)14)96)76)79)04)14)29)95)78)63)79)82)94)56)05
19.12.2007  Zahlen:
0)7)02)09)58)62)33)67)07)08)43)33)47)12)14)86)82)54)70)46
20.12.2007  Zahlen:
3)9)6)81)87)15)39)10)78)14)55)88)49)75)08)92)46)14)58)32
21.12.2007  Zahlen:
66)25)69)63)62)32)04)05)05)98)72)60)72)43)53)90)91)42)10)09
23.12.2007  Zahlen:
1)9)9)0)3)12)95)05)04)32)44)10)62)74)58)17)18)86)25)70
24.12.2007  Zahlen:
6)9)27)33)63)15)63)01)59)00)72)59)20)23)67)97)66)06)79)21
25.12.2007  Zahlen:
6)5)70)96)48)60)91)83)21)08)96)44)35)21)33)85)75)21)30)10
26.12.2007  Zahlen:
8)1)4)9)11)69)07)05)87)76)74)25)23)28)09)15)11)79)36)12
27.12.2007  Zahlen:
5)5)43)51)50)88)16)36)88)10)93)38)42)57)21)99)91)52)49)47
28.12.2007  Zahlen:
5)6)4)01)21)18)03)83)64)59)04)44)71)19)91)51)76)73)61)89
30.12.2007  Zahlen:
3)9)5)27)17)74)39)61)31)40)41)79)49)16)35)31)34)52)75)16
31.12.2007  Zahlen:
8)49)33)83)98)39)02)19)74)99)62)97)77)70)69)11)30)92)46)02
01.01.2008  Zahlen:
3)7)22)44)75)82)02)57)38)61)05)78)30)54)21)72)55)90)46)98
02.01.2008  Zahlen:
6)7)10)17)29)32)33)37)39)40)44)45)48)51)56)58)60)61)66)70
03.01.2008  Zahlen:
1)5)6)84)91)85)61)10)39)96)62)79)13)21)61)25)57)21)62)44
04.01.2008  Zahlen:
1)16)17)19)21)25)26)27)30)31)34)35)36)40)41)48)50)55)58)60
06.01.2008  Zahlen:
1)7)9)14)20)28)32)36)38)40)47)53)54)55)56)58)60)64)68)70
07.01.2008  Zahlen:
7)5)2)0)26)37)82)54)45)34)79)76)46)32)15)44)93)77)51)11
08.01.2008  Zahlen:
9)5)33)96)95)23)93)61)63)86)08)40)25)56)16)57)42)34)74)66
09.01.2008  Zahlen:
2)76)90)89)50)19)98)78)03)86)95)35)45)97)60)58)22)96)52)90
10.01.2008  Zahlen:
0)3)03)39)97)45)54)47)40)10)23)00)12)98)34)81)61)37)19)75
11.01.2008  Zahlen:
4)1)06)59)60)54)29)54)77)13)44)36)77)54)03)06)31)10)81)08
13.01.2008  Zahlen:
0)4)59)47)28)67)27)30)81)58)70)04)66)97)46)52)50)38)00)11
14.01.2008  Zahlen:
9)3)6)81)21)23)61)76)86)36)90)53)43)48)03)90)19)49)03)68
15.01.2008  Zahlen:
5)8)31)14)18)98)67)46)95)01)02)22)14)24)86)51)97)99)03)45
16.01.2008  Zahlen:
8)7)73)82)36)48)93)27)99)34)37)40)79)44)65)62)00)73)29)10
17.01.2008  Zahlen:
5)6)8)9)18)23)24)25)28)31)41)43)48)55)58)60)62)65)69)70
18.01.2008  Zahlen:
8)5)34)09)25)84)95)37)43)04)50)94)57)87)78)24)67)59)89)09
20.01.2008  Zahlen:
8)54)76)49)11)25)40)37)43)17)34)74)11)90)03)28)19)49)66)45
21.01.2008  Zahlen:
1)5)6)11)17)20)30)36)37)40)41)46)50)52)54)58)59)66)69)70
22.01.2008  Zahlen:
7)0)2)59)93)18)05)11)02)04)77)71)20)80)70)04)22)15)23)08
23.01.2008  Zahlen:
5)1)4)84)10)34)16)25)57)05)16)22)80)60)84)01)56)11)61)72
24.01.2008  Zahlen:
0)2)20)74)60)26)42)92)16)86)14)02)91)73)08)91)49)10)00)82
25.01.2008  Zahlen:
2)5)6)8)74)45)44)83)49)39)52)99)74)73)20)75)78)66)14)53
27.01.2008  Zahlen:
2)26)56)42)46)53)25)31)49)06)01)66)73)97)85)42)89)03)20)71
28.01.2008  Zahlen:
1)08)67)47)30)75)04)10)62)44)24)87)11)26)65)04)52)63)77)70
29.01.2008  Zahlen:
8)0)5)86)99)87)28)95)75)30)94)57)81)14)87)31)73)09)43)30
30.01.2008  Zahlen:
2)4)11)12)21)22)29)33)35)40)45)50)53)55)57)59)63)66)68)70
31.01.2008  Zahlen:
7)4)4)55)49)11)24)32)60)87)74)32)86)21)52)37)07)02)24)77
01.02.2008  Zahlen:
48)09)19)79)63)39)96)02)71)24)50)00)24)86)49)80)89)93)84)15
03.02.2008  Zahlen:
4)10)11)13)15)18)25)30)32)34)37)39)40)59)61)64)65)66)68)70
04.02.2008  Zahlen:
1)1)5)78)19)96)56)94)44)46)88)49)82)11)43)83)08)42)56)66
05.02.2008  Zahlen:
1)3)2)75)28)51)20)65)69)73)09)80)89)79)74)17)56)30)04)08
06.02.2008  Zahlen:
7)3)4)4)1)42)67)08)00)30)43)55)87)42)78)16)36)40)49)71
07.02.2008  Zahlen:
3)7)10)19)26)28)31)32)34)37)41)42)50)56)57)59)60)66)67)70
08.02.2008  Zahlen:
0)8)5)42)41)50)51)79)45)24)56)37)00)88)11)23)39)26)30)17
10.02.2008  Zahlen:
6)9)34)71)63)42)04)56)07)28)49)39)74)18)85)95)87)30)36)80
11.02.2008  Zahlen:
9)6)3)7)34)85)94)93)42)73)56)51)59)03)71)77)07)86)68)25
12.02.2008  Zahlen:
0)6)0)6)3)8)56)51)31)18)98)27)94)54)42)37)24)74)66)40
13.02.2008  Zahlen:
3)5)14)15)22)25)27)29)31)32)37)38)41)42)45)61)63)66)69)70
14.02.2008  Zahlen:
9)0)3)69)09)11)54)15)88)28)06)70)90)83)51)64)95)31)60)34
15.02.2008  Zahlen:
2)2)7)9)8)76)40)43)63)84)80)99)20)59)18)59)85)53)26)88
17.02.2008  Zahlen:
6)1)5)7)29)02)27)63)47)19)10)72)77)85)86)35)07)22)81)32
18.02.2008  Zahlen:
81)60)48)25)96)69)47)16)86)24)48)18)20)36)90)54)74)64)82)81
19.02.2008  Zahlen:
1)6)9)12)18)25)26)30)32)33)34)38)40)41)44)46)51)55)63)70
20.02.2008  Zahlen:
2)61)66)33)99)56)86)27)39)50)95)16)01)73)37)33)71)57)27)35
21.02.2008  Zahlen:
3)9)1)68)85)81)75)10)74)43)72)15)15)25)31)93)44)16)06)09
22.02.2008  Zahlen:
7)0)3)2)7)36)60)16)67)19)02)47)09)08)70)81)21)98)79)06
24.02.2008  Zahlen:
7)39)06)80)57)06)02)18)48)94)58)07)51)32)42)42)47)56)35)71
25.02.2008  Zahlen:
2)2)1)62)32)07)20)64)21)25)05)16)40)73)92)58)08)06)84)24
26.02.2008  Zahlen:
4)3)60)53)36)67)25)31)61)36)97)16)38)32)06)38)29)48)39)45
27.02.2008  Zahlen:
4)5)1)8)19)47)62)73)93)85)14)20)59)58)92)96)49)03)14)96
28.02.2008  Zahlen:
6)0)1)68)16)39)24)20)34)51)04)65)14)64)83)59)62)53)85)98
29.02.2008  Zahlen:
0)05)94)66)90)05)74)24)34)18)90)03)10)93)15)63)11)18)33)76
02.03.2008  Zahlen:
1)5)8)11)16)17)18)19)24)31)35)45)48)50)51)52)60)65)67)70
03.03.2008  Zahlen:
3)48)43)37)38)65)43)90)74)00)21)78)96)37)04)45)07)99)67)99
04.03.2008  Zahlen:
0)0)9)01)36)69)96)53)02)39)95)68)05)82)25)57)71)25)51)47
05.03.2008  Zahlen:
9)1)74)14)62)52)84)05)18)93)07)70)37)05)02)69)27)81)83)37
06.03.2008  Zahlen:
6)8)57)75)22)83)60)55)63)69)21)60)25)08)79)43)04)64)36)01
07.03.2008  Zahlen:
5)05)62)31)46)07)69)47)55)80)84)05)66)20)32)08)08)57)50)85
09.03.2008  Zahlen:
9)11)13)16)17)18)19)21)22)23)27)31)43)48)56)59)60)61)62)70
10.03.2008  Zahlen:
00)33)47)65)67)37)72)75)13)31)62)34)83)36)72)30)99)25)91)27
11.03.2008  Zahlen:
7)15)20)21)29)33)36)38)42)49)50)55)59)60)62)66)67)68)69)70
12.03.2008  Zahlen:
7)5)4)5)84)17)33)90)06)90)41)73)33)64)80)73)25)09)55)79
13.03.2008  Zahlen:
1)3)4)7)9)21)24)25)29)32)33)49)51)52)53)54)62)66)67)70
14.03.2008  Zahlen:
3)1)8)94)51)61)93)70)22)27)88)73)98)62)22)00)61)78)29)24
16.03.2008  Zahlen:
0)5)4)54)86)66)93)82)60)07)80)53)96)31)13)67)05)29)53)82
17.03.2008  Zahlen:
3)5)0)26)83)18)37)52)18)20)10)52)28)55)27)14)61)54)14)82
18.03.2008  Zahlen:
5)0)36)60)09)03)37)90)91)75)93)59)21)82)24)42)90)67)23)69
19.03.2008  Zahlen:
1)5)55)11)02)48)77)05)91)07)28)45)84)47)01)49)91)75)67)26
20.03.2008  Zahlen:
0)9)5)18)54)71)92)23)95)76)75)42)29)08)67)72)03)72)73)19
21.03.2008  Zahlen:
4)9)3)5)2)01)26)21)84)38)74)66)09)31)22)04)04)24)25)22
23.03.2008  Zahlen:
5)6)1)10)71)78)16)94)21)11)38)40)54)46)06)89)54)15)43)08
24.03.2008  Zahlen:
1)2)4)19)21)23)25)33)34)35)36)46)47)49)59)61)64)65)66)70
25.03.2008  Zahlen:
0)5)7)6)05)06)80)65)36)51)40)71)55)27)20)82)10)37)59)92
26.03.2008  Zahlen:
1)59)26)19)84)90)87)54)10)77)13)36)03)63)80)27)11)34)56)15
27.03.2008  Zahlen:
0)6)95)96)99)22)99)92)70)66)91)98)21)21)14)64)16)35)73)78
28.03.2008  Zahlen:
4)5)8)9)14)21)23)27)35)37)38)39)45)46)47)49)54)55)68)70
30.03.2008  Zahlen:
4)6)4)1)28)57)91)57)61)94)75)08)19)96)16)11)06)24)38)02
31.03.2008  Zahlen:
7)8)10)11)21)13)26)33)42)43)44)46)48)49)51)54)59)63)68)70
01.04.2008  Zahlen:
1)9)80)39)48)20)08)25)47)59)04)84)35)36)94)87)82)56)68)42
02.04.2008  Zahlen:
1)6)7)10)23)28)30)36)38)39)40)44)45)48)49)51)56)58)62)70
03.04.2008  Zahlen:
2)7)11)13)14)15)26)27)33)35)40)47)48)51)56)61)67)68)69)70
04.04.2008  Zahlen:
58)48)88)13)65)11)58)22)78)97)73)33)72)88)95)03)28)31)43)85
06.04.2008  Zahlen:
6)06)27)68)97)62)06)82)90)16)66)33)06)79)23)66)64)64)17)84
07.04.2008  Zahlen:
1)0)23)00)78)32)41)91)29)51)70)01)77)64)29)44)94)35)57)41
08.04.2008  Zahlen:
13)14)15)17)18)19)22)29)33)39)45)47)48)49)50)51)55)59)60)65
09.04.2008  Zahlen:
2)3)4)8)10)11)13)19)26)35)42)43)45)51)52)57)60)65)68)70
10.04.2008  Zahlen:
3)0)2)22)90)88)30)79)95)51)57)83)13)34)33)32)23)90)44)17
11.04.2008  Zahlen:
0)7)66)07)11)90)08)03)59)83)74)65)02)44)08)32)59)83)71)67
13.04.2008  Zahlen:
6)9)52)03)92)26)97)37)13)76)07)75)93)13)64)25)28)45)22)74
16.04.2008  Zahlen:
6)7)70)18)18)35)26)02)48)29)28)58)59)38)44)56)74)36)28)31
17.04.2008  Zahlen:
8)9)7)1)61)11)11)93)14)75)04)78)25)97)61)70)07)48)95)99
18.04.2008  Zahlen:
2)0)04)20)22)23)45)90)05)27)76)84)47)60)22)17)85)95)56)23
20.04.2008  Zahlen:
2)0)04)20)22)23)45)90)05)27)76)84)47)60)22)17)85)95)56)23
22.04.2008  Zahlen:
8)6)3)7)65)69)70)45)43)64)07)98)01)72)81)20)94)83)39)39
23.04.2008  Zahlen:
1)9)52)93)55)97)45)08)69)41)59)06)76)04)97)09)65)97)14)33
24.04.2008  Zahlen:
4)7)5)59)59)60)44)67)15)16)67)37)45)09)39)08)30)45)05)54
25.04.2008  Zahlen:
2)5)2)06)24)22)82)19)94)54)39)19)80)57)80)57)88)03)08)20
27.04.2008  Zahlen:
4)5)0)64)38)00)23)16)78)48)15)35)20)42)99)87)06)43)38)94
28.04.2008  Zahlen:
09)44)44)90)17)37)00)38)51)38)79)42)53)48)69)42)67)49)76)74
29.04.2008  Zahlen:
13)14)16)18)19)22)23)25)26)35)38)48)51)56)62)63)64)65)67)70
30.04.2008  Zahlen:
5)2)4)10)99)75)49)71)12)78)85)55)34)59)05)54)34)03)85)67
01.05.2008  Zahlen:
0)1)76)73)39)18)05)12)16)60)89)71)33)94)31)75)95)75)61)61
02.05.2008  Zahlen:
9)4)6)18)05)12)44)16)50)60)61)70)49)37)93)29)57)06)58)71
04.05.2008  Zahlen:
3)5)10)11)12)16)24)25)26)27)30)31)35)51)52)59)61)62)69)70
05.05.2008  Zahlen:
1)8)11)12)20)21)22)23)33)42)50)53)55)59)61)62)65)66)68)70
06.05.2008  Zahlen:
4)45)25)94)02)80)04)89)28)24)92)24)70)74)03)42)93)31)82)62
07.05.2008  Zahlen:
2)5)7)10)12)13)21)22)34)35)39)44)46)49)50)51)53)55)56)70
08.05.2008  Zahlen:
5)4)5)67)82)37)60)14)20)51)66)88)23)23)32)15)61)45)96)93
09.05.2008  Zahlen:
4)3)43)32)23)63)01)77)82)13)04)02)30)19)01)44)40)27)67)24
11.05.2008  Zahlen:
1)9)77)43)32)78)36)82)71)74)54)87)46)82)77)44)51)19)59)85
12.05.2008  Zahlen:
14)15)17)20)21)22)25)28)29)30)33)35)36)39)46)52)55)59)64)66
13.05.2008  Zahlen:
8)7)0)95)80)40)54)32)70)42)16)34)00)83)63)19)63)27)45)71
14.05.2008  Zahlen:
1)2)6)11)23)27)30)32)39)47)48)50)52)54)55)57)65)68)69)70
15.05.2008  Zahlen:
5)0)35)88)13)06)34)58)93)27)74)67)51)27)72)51)24)54)22)79
16.05.2008  Zahlen:
2)3)5)10)12)15)32)33)34)36)39)43)45)52)58)50)63)64)59)70
18.05.2008  Zahlen:
9)4)4)3)41)01)98)96)70)59)02)13)24)07)60)65)97)94)91)43
19.05.2008  Zahlen:
3)8)16)19)26)28)37)38)39)43)46)52)53)54)55)64)66)68)69)70
20.05.2008  Zahlen:
4)1)4)0)76)02)85)65)46)42)80)26)03)04)37)44)69)12)54)49
21.05.2008  Zahlen:
9)2)7)0)77)15)76)99)31)75)92)48)59)23)52)41)78)50)44)69
22.05.2008  Zahlen:
0)8)1)23)29)79)18)90)69)94)45)00)37)67)70)39)55)90)77)73
23.05.2008  Zahlen:
5)4)8)2)71)23)97)67)75)20)26)20)40)51)82)99)87)48)88)61
25.05.2008  Zahlen:
6)6)0)70)43)20)44)40)84)10)76)23)22)75)05)33)42)47)08)00
26.05.2008  Zahlen:
2)6)8)67)62)49)66)88)94)06)54)25)28)90)61)10)86)89)02)05
27.05.2008  Zahlen:
1)3)6)8)10)16)21)29)31)32)36)37)45)46)54)57)58)59)64)66
28.03.2009  Zahlen:
0)40)56)08)67)49)54)73)08)78)04)66)26)62)25)47)24)05)29)02
29.05.2008  Zahlen:
2)4)6)8)14)15)20)25)30)31)33)35)43)51)57)60)64)65)68)70
30.05.2008  Zahlen:
6)3)3)01)16)31)67)75)72)44)72)39)76)57)42)19)19)60)04)70
01.06.2008  Zahlen:
6)6)1)40)89)49)67)04)75)31)24)98)34)60)71)55)14)28)33)14
02.06.2008  Zahlen:
8)9)8)30)84)93)02)82)72)83)07)46)54)88)90)63)17)55)37)87
03.06.2008  Zahlen:
5)7)11)18)19)22)28)30)31)34)35)41)46)53)55)56)58)62)64)65
04.06.2008  Zahlen:
4)9)2)5)9)92)12)15)00)16)21)77)67)57)55)52)02)27)86)18
05.06.2008  Zahlen:
2)06)10)39)10)61)41)90)14)46)36)86)05)85)20)34)27)23)36)95
06.06.2008  Zahlen:
3)6)14)16)18)19)23)26)29)30)33)36)41)47)49)51)53)59)63)70
08.06.2008  Zahlen:
8)3)8)80)34)18)60)39)29)26)11)53)12)25)92)87)17)02)06)31
09.06.2008  Zahlen:
1)2)4)10)11)12)21)25)29)30)31)32)34)36)38)43)44)49)59)65
10.06.2008  Zahlen:
3)54)70)67)27)93)49)19)14)52)61)52)43)88)33)88)82)54)82)63
11.06.2008  Zahlen:
5)6)4)22)95)34)20)82)62)10)36)78)25)09)99)52)28)38)44)77
12.06.2008  Zahlen:
9)4)1)2)58)81)70)11)40)75)27)53)41)14)20)23)50)58)90)89
13.06.2008  Zahlen:
1)2)12)23)26)29)30)35)36)40)47)49)50)54)55)59)65)68)69)70
15.06.2008  Zahlen:
2)3)6)7)18)24)34)35)38)39)46)49)52)53)56)57)59)62)66)70
16.06.2008  Zahlen:
0)4)7)6)73)50)60)23)05)48)69)11)07)29)54)49)70)50)14)70
17.06.2008  Zahlen:
4)9)6)17)08)64)15)75)50)14)79)47)12)41)70)06)62)07)76)25
18.06.2008  Zahlen:
8)5)66)90)07)27)06)28)82)55)11)58)72)48)86)39)44)32)52)33
19.06.2008  Zahlen:
2)1)4)4)40)22)18)01)44)20)93)36)07)25)18)17)30)42)26)92
20.06.2008  Zahlen:
77)98)01)57)97)43)60)26)14)93)60)48)00)73)10)91)67)90)61)33
22.06.2008  Zahlen:
6)6)7)20)35)96)81)41)03)01)73)43)36)73)87)01)24)47)75)41
23.06.2008  Zahlen:
9)0)56)26)88)64)53)04)39)03)47)11)86)96)21)35)53)66)00)09
24.06.2008  Zahlen:
5)2)2)6)95)45)26)61)75)75)88)78)58)84)75)42)72)33)91)93
25.06.2008  Zahlen:
3)5)8)63)61)68)60)46)55)87)18)39)43)76)64)20)02)82)79)13
26.06.2008  Zahlen:
98)84)34)79)39)19)37)78)26)30)35)84)38)67)66)78)18)88)63)17
27.06.2008  Zahlen:
2)4)68)99)06)25)80)32)86)76)24)44)89)32)63)78)84)61)56)28
29.06.2008  Zahlen:
6)3)38)22)94)86)92)88)37)16)08)48)46)64)33)02)61)24)06)56
30.06.2008  Zahlen:
9)2)42)61)85)46)98)64)92)72)36)00)03)81)62)75)97)95)07)24
01.07.2008  Zahlen:
9)2)80)28)35)53)87)39)85)72)89)28)93)74)16)01)74)74)47)12
02.07.2008  Zahlen:
1)1)5)3)89)04)41)09)21)55)64)54)83)77)03)28)41)23)50)14
03.07.2008  Zahlen:
6)76)21)03)31)72)21)94)85)85)16)80)39)89)83)69)75)17)59)13
04.07.2008  Zahlen:
6)8)9)10)17)18)23)26)28)31)37)38)39)43)46)49)56)59)69)70
06.07.2008  Zahlen:
6)5)76)09)39)23)36)51)29)33)62)89)72)06)71)40)18)04)60)23
07.07.2008  Zahlen:
5)81)73)62)71)37)76)41)24)36)94)59)02)03)81)41)92)76)33)17
08.07.2008  Zahlen:
2)3)20)52)83)64)05)43)62)61)42)29)08)36)82)98)38)88)61)74
09.07.2008  Zahlen:
1)3)8)12)16)17)23)31)33)36)38)41)43)53)54)56)64)65)67)70
10.07.2008  Zahlen:
0)8)0)18)17)06)22)23)68)72)59)46)93)65)24)25)15)52)66)95
11.07.2008  Zahlen:
7)4)60)20)28)94)39)84)45)11)27)56)82)30)77)82)89)47)10)42
14.07.2008  Zahlen:
6)6)71)15)49)48)69)87)76)48)04)06)97)27)20)07)16)19)97)11
15.07.2008  Zahlen:
5)0)7)05)97)15)52)60)30)94)28)50)60)15)65)68)84)64)22)38
16.07.2008  Zahlen:
4)2)3)84)11)01)24)99)54)38)57)90)36)19)06)41)52)59)60)00
17.07.2008  Zahlen:
3)1)3)2)57)45)83)65)85)35)73)63)26)61)22)84)97)30)74)50
18.07.2008  Zahlen:
9)5)1)69)08)43)02)89)26)56)59)79)59)22)27)29)26)49)43)19
20.07.2008  Zahlen:
8)74)19)60)82)01)21)34)62)53)54)82)94)21)29)54)27)33)44)29
21.07.2008  Zahlen:
4)8)9)13)18)20)21)23)24)31)34)36)42)47)48)55)59)60)63)70
22.07.2008  Zahlen:
9)7)52)12)90)68)11)13)32)84)56)74)89)43)93)83)02)76)40)29
23.07.2008  Zahlen:
8)0)9)7)7)09)87)88)91)23)11)12)16)12)63)01)19)38)23)43
24.07.2008  Zahlen:
3)5)5)0)15)55)75)32)90)30)09)96)96)37)24)27)96)76)61)97
25.07.2008  Zahlen:
55)77)54)76)32)25)65)28)87)72)33)09)87)91)71)06)36)62)34)13
27.07.2008  Zahlen:
3)7)6)11)26)12)36)03)14)52)43)74)56)00)13)30)23)13)50)84
28.07.2008  Zahlen:
61)62)09)91)99)44)01)93)34)79)06)63)11)70)77)10)30)08)34)40
29.07.2008  Zahlen:
7)0)7)1)02)55)16)85)24)57)36)95)73)41)85)17)50)59)40)48
30.07.2008  Zahlen:
3)7)30)13)82)84)87)51)09)12)82)50)02)91)76)33)44)67)89)68
31.07.2008  Zahlen:
2)8)31)68)90)51)44)17)91)90)96)09)30)90)09)57)17)98)77)98
01.08.2008  Zahlen:
1)2)4)11)15)24)35)45)48)49)51)52)55)56)58)59)61)62)63)70
03.08.2008  Zahlen:
9)38)92)50)08)26)43)68)42)00)18)59)76)41)82)62)87)72)67)33
04.08.2008  Zahlen:
5)8)74)32)31)34)30)88)53)94)87)66)26)90)87)61)18)08)75)64
05.08.2008  Zahlen:
3)9)3)87)96)96)27)28)85)49)19)67)26)57)93)29)37)89)94)35
06.08.2008  Zahlen:
52)98)56)81)04)61)87)99)74)87)53)25)41)12)31)46)98)84)62)82
07.08.2008  Zahlen:
6)0)0)2)45)55)28)68)40)19)99)05)24)67)00)44)11)16)24)38
08.08.2008  Zahlen:
0)9)19)63)73)27)31)79)53)19)97)54)32)38)57)72)67)09)62)24
10.08.2008  Zahlen:
6)9)3)8)48)45)57)48)92)90)22)14)09)28)87)98)82)47)17)79
11.08.2008  Zahlen:
4)1)08)27)32)46)29)57)49)92)71)66)47)93)45)27)40)87)98)23
12.08.2008  Zahlen:
8)8)3)91)12)26)25)85)04)28)95)25)86)54)01)85)59)54)19)85
13.08.2008  Zahlen:
2)11)13)16)18)20)28)30)31)32)34)37)49)50)56)57)60)64)65)70
14.08.2008  Zahlen:
7)0)1)1)52)14)62)83)15)61)46)16)66)88)96)85)83)06)35)58
15.08.2008  Zahlen:
5)1)1)3)50)69)61)28)33)53)42)91)76)97)81)91)11)42)74)76
17.08.2008  Zahlen:
6)8)02)91)67)29)59)84)45)73)71)14)78)11)45)81)17)51)20)69
18.08.2008  Zahlen:
8)4)3)28)20)25)72)10)82)88)76)01)07)38)36)01)64)73)99)67
19.08.2008  Zahlen:
0)42)88)81)35)20)48)57)85)23)80)75)17)35)69)20)90)81)50)93
21.08.2008  Zahlen:
13)16)19)20)21)24)32)34)40)41)42)43)51)52)56)59)62)63)66)70
22.08.2008  Zahlen:
24)18)57)50)96)08)55)87)99)77)17)69)06)43)04)87)16)83)05)18
24.08.2008  Zahlen:
7)5)2)64)89)68)34)86)47)63)79)13)28)52)97)25)85)01)46)29
25.08.2008  Zahlen:
3)35)38)12)16)91)20)63)98)12)83)41)44)66)00)18)19)07)70)84
26.08.2008  Zahlen:
1)2)4)8)10)13)16)18)21)30)31)32)33)36)37)39)42)50)60)70
27.08.2008  Zahlen:
1)3)6)15)18)23)28)33)36)38)41)44)45)53)55)60)61)66)69)70
28.08.2008  Zahlen:
7)9)8)4)95)75)73)67)81)84)95)44)71)76)95)05)12)14)97)72
29.08.2008  Zahlen:
7)8)67)27)25)30)71)77)71)68)40)86)65)50)66)56)06)87)08)78
01.09.2008  Zahlen:
1)1)89)40)98)41)89)16)18)95)73)32)40)73)08)14)64)94)44)81
02.09.2008  Zahlen:
4)3)5)86)18)96)21)24)69)74)45)20)05)16)49)12)40)60)97)12
03.09.2008  Zahlen:
8)2)7)7)20)23)69)29)76)04)94)02)30)73)82)81)51)99)07)08
04.09.2008  Zahlen:
8)4)72)08)64)14)31)29)84)60)47)62)90)43)00)77)26)40)72)96
05.09.2008  Zahlen:
4)8)67)58)02)99)90)10)48)95)57)03)60)90)82)47)11)57)06)17
07.09.2008  Zahlen:
9)71)68)82)05)28)43)81)67)10)71)33)66)83)65)46)67)78)11)08
08.09.2008  Zahlen:
1)0)26)55)29)01)53)22)79)59)01)63)73)60)62)16)49)29)59)39
09.09.2008  Zahlen:
1)6)3)90)65)60)63)24)86)67)81)36)03)71)95)03)12)92)78)55
10.09.2008  Zahlen:
3)10)13)15)17)19)28)30)31)33)41)42)53)54)56)61)63)67)68)70
11.09.2008  Zahlen:
06)08)72)08)73)90)76)59)60)74)43)76)20)40)36)50)04)25)47)69
12.09.2008  Zahlen:
3)37)95)76)25)76)61)77)01)40)54)61)33)01)81)52)13)11)31)53
14.09.2008  Zahlen:
9)9)4)69)01)64)18)30)24)72)93)89)93)23)39)38)08)44)38)35
15.09.2008  Zahlen:
7)2)9)22)78)47)92)63)18)35)63)99)30)65)82)10)92)90)24)43
16.09.2008  Zahlen:
0)41)92)69)16)73)64)84)13)06)62)41)80)91)35)45)62)06)80)32
17.09.2008  Zahlen:
8)11)64)42)39)27)02)72)56)85)60)84)13)18)96)71)02)24)36)04
18.09.2008  Zahlen:
4)1)2)86)16)59)84)89)53)74)10)22)45)64)69)92)23)22)67)56
19.09.2008  Zahlen:
5)7)0)18)10)29)70)67)15)65)72)36)29)64)28)07)57)11)41)28
21.09.2008  Zahlen:
2)5)0)28)31)82)30)09)79)35)81)99)49)42)67)74)15)03)09)92
22.09.2008  Zahlen:
6)22)28)59)95)88)80)50)77)93)73)10)05)59)56)12)51)23)88)61
23.09.2008  Zahlen:
1)1)0)0)18)46)95)93)85)61)22)32)11)56)13)14)00)27)44)91
24.09.2008  Zahlen:
6)7)0)41)90)01)95)58)52)30)23)87)35)97)19)92)86)33)10)01
25.09.2008  Zahlen:
3)4)7)10)12)19)22)24)29)30)45)47)49)50)51)53)59)67)68)70
26.09.2008  Zahlen:
7)9)4)57)38)26)20)20)16)24)33)13)09)97)12)62)60)77)41)84
28.09.2008  Zahlen:
1)2)8)5)07)04)92)93)84)22)56)77)13)70)94)50)52)53)54)30
29.09.2008  Zahlen:
0)6)12)26)72)89)59)97)93)51)02)67)47)98)63)11)70)29)55)62
30.09.2008  Zahlen:
6)7)8)7)9)0)57)96)10)07)02)11)85)35)27)06)32)69)00)07
01.10.2008  Zahlen:
7)57)87)25)74)74)28)45)42)38)21)39)33)42)54)62)08)47)74)39
02.10.2008  Zahlen:
2)0)5)19)20)74)99)18)85)85)74)12)37)25)67)06)83)51)87)94
03.10.2008  Zahlen:
0)3)0)6)1)29)62)53)55)02)51)04)52)35)13)92)00)50)85)96
05.10.2008  Zahlen:
5)5)50)11)23)99)96)27)09)22)05)03)36)52)61)16)34)75)79)79
06.10.2008  Zahlen:
1)2)5)6)10)16)17)19)26)27)30)31)32)36)38)41)47)56)63)65
07.10.2008  Zahlen:
3)6)1)7)34)75)93)65)23)31)05)34)15)59)49)19)93)77)62)57
08.10.2008  Zahlen:
7)5)31)75)98)38)55)54)44)12)03)82)79)77)68)91)36)62)35)50
09.10.2008  Zahlen:
4)78)63)93)61)46)02)55)83)45)20)06)86)81)13)26)85)78)41)29
10.10.2008  Zahlen:
4)9)4)5)4)3)12)65)53)83)68)74)43)64)28)53)15)86)51)31
12.10.2008  Zahlen:
8)8)4)52)97)19)26)32)92)79)90)17)93)34)58)68)86)67)44)53
13.10.2008  Zahlen:
1)9)1)2)1)08)91)69)22)31)31)95)52)86)76)91)81)27)04)47
14.10.2008  Zahlen:
3)4)04)29)10)94)03)50)79)43)62)27)39)47)86)47)67)52)15)50
15.10.2008  Zahlen:
1)7)0)15)62)30)56)85)21)83)35)96)19)62)34)50)14)57)03)78
16.10.2008  Zahlen:
3)6)96)17)17)87)49)43)92)02)89)56)98)95)71)41)45)44)25)73
17.10.2008  Zahlen:
9)3)32)55)90)61)38)53)36)13)31)09)56)35)54)54)67)61)90)50
19.10.2008  Zahlen:
7)13)34)24)65)64)66)58)27)51)64)23)36)60)92)07)12)90)97)88
20.10.2008  Zahlen:
6)1)67)21)44)25)61)71)78)26)72)27)06)60)24)92)95)82)27)29
21.10.2008  Zahlen:
5)6)8)12)13)79)85)01)91)08)27)10)11)93)15)15)35)05)85)90
22.10.2008  Zahlen:
4)4)7)31)57)30)29)90)69)93)22)28)78)81)03)24)56)77)16)58
23.10.2008  Zahlen:
0)2)4)28)75)68)44)50)93)49)37)18)12)43)60)44)52)19)44)96
24.10.2008  Zahlen:
3)9)85)09)94)23)84)16)68)15)44)48)59)49)76)08)31)26)62)80
26.10.2008  Zahlen:
5)09)15)42)79)95)46)64)99)71)51)41)42)48)39)49)27)44)70)22
27.10.2008  Zahlen:
3)7)97)48)72)34)65)06)91)24)39)16)42)10)04)05)31)59)27)00
28.10.2008  Zahlen:
9)9)9)40)16)56)82)18)89)10)45)47)46)94)38)59)05)09)59)36
29.10.2008  Zahlen:
7)9)14)22)24)26)27)31)38)40)44)50)51)53)54)57)59)61)68)70
30.10.2008  Zahlen:
2)6)5)77)68)83)66)45)30)96)96)49)42)38)77)31)88)02)45)53
31.10.2008  Zahlen:
45)13)38)62)26)79)17)51)84)83)92)97)58)54)45)78)58)94)96)32
02.11.2008  Zahlen:
4)1)13)65)81)04)23)93)35)53)45)82)21)54)88)61)18)81)83)33
03.11.2008  Zahlen:
85)78)08)29)44)36)85)43)99)19)99)58)66)99)10)80)77)00)37)13
04.11.2008  Zahlen:
3)7)68)18)37)93)64)18)48)89)79)76)23)50)95)44)32)24)87)60
05.11.2008  Zahlen:
9)5)2)37)79)71)06)88)72)84)01)56)96)17)91)66)57)81)64)65
06.11.2008  Zahlen:
9)1)0)6)15)78)20)02)10)58)36)38)48)49)05)85)25)71)43)06
07.11.2008  Zahlen:
5)7)12)18)18)42)17)45)34)65)79)87)04)90)45)70)35)54)93)51
09.11.2008  Zahlen:
0)94)30)02)15)84)06)60)13)86)67)25)48)20)40)85)22)90)49)31
10.11.2008  Zahlen:
9)9)04)81)13)59)28)79)56)24)32)36)62)05)89)74)93)33)22)26
11.11.2008  Zahlen:
5)16)06)85)04)83)89)89)94)99)09)23)18)04)75)02)78)37)62)33
12.11.2008  Zahlen:
2)4)5)11)13)14)17)18)27)29)31)41)48)51)54)58)61)65)66)70
13.11.2008  Zahlen:
1)7)54)95)07)81)54)64)87)57)20)48)22)57)53)44)23)46)71)43
14.11.2008  Zahlen:
6)0)7)95)75)13)05)96)87)34)92)72)72)76)33)47)36)86)03)83
16.11.2008  Zahlen:
35)32)48)41)85)45)88)65)23)96)91)69)77)59)76)05)57)64)54)41
17.11.2008  Zahlen:
75)09)01)04)14)77)42)22)49)74)60)16)13)92)01)20)60)07)93)92
18.11.2008  Zahlen:
7)0)3)8)19)90)62)33)18)48)41)71)68)18)51)11)64)74)22)43
19.11.2008  Zahlen:
8)0)4)9)8)73)57)46)33)23)85)42)42)74)63)52)76)28)43)38
20.11.2008  Zahlen:
5)8)3)7)17)32)17)94)19)69)44)64)41)99)32)03)83)11)18)23
21.11.2008  Zahlen:
84)81)52)12)22)67)31)50)20)21)78)02)17)25)58)50)33)34)86)20
23.11.2008  Zahlen:
9)2)9)69)09)38)72)87)20)81)84)41)83)09)24)04)23)92)38)35
24.11.2008  Zahlen:
1)8)57)74)42)53)46)44)64)71)08)77)29)59)87)79)86)12)03)97
25.11.2008  Zahlen:
7)75)80)92)43)93)52)46)28)11)33)89)70)70)70)46)80)75)46)81
26.11.2008  Zahlen:
1)5)13)16)22)27)29)31)34)36)37)39)43)45)48)56)61)64)67)70
27.11.2008  Zahlen:
0)2)1)82)09)61)03)36)07)31)52)95)75)05)51)43)36)04)75)14
28.11.2008  Zahlen:
3)16)21)25)26)28)29)31)35)36)39)46)51)52)53)54)59)61)64)70
30.11.2008  Zahlen:
1)9)4)3)1)4)05)95)52)91)51)21)56)29)63)36)64)22)45)71
01.12.2008  Zahlen:
7)0)03)79)20)45)11)26)39)47)26)82)83)52)18)91)06)11)98)81
02.12.2008  Zahlen:
2)6)10)13)15)21)27)29)30)35)36)37)45)55)57)62)63)64)68)70
03.12.2008  Zahlen:
3)2)6)7)08)38)39)08)42)31)68)04)04)09)49)68)22)50)35)78
04.12.2008  Zahlen:
3)96)23)02)19)96)60)32)26)46)06)44)51)78)32)26)51)73)66)37
05.12.2008  Zahlen:
1)9)4)51)25)52)87)86)21)79)71)55)94)93)82)03)72)17)33)77
07.12.2008  Zahlen:
2)9)64)48)86)06)60)77)55)69)36)69)99)98)83)24)72)02)67)02
08.12.2008  Zahlen:
9)6)02)43)39)50)10)85)90)11)26)20)15)31)95)25)39)74)60)58
09.12.2008  Zahlen:
1)4)8)5)38)30)42)95)59)37)29)78)87)68)40)95)24)94)95)75
10.12.2008  Zahlen:
2)6)48)55)92)26)22)76)84)76)61)19)54)09)71)87)51)11)50)69
11.12.2008  Zahlen:
7)8)12)15)18)21)34)37)39)49)50)52)58)60)61)62)64)68)69)70
12.12.2008  Zahlen:
8)9)89)63)50)64)10)93)42)58)48)87)11)77)57)02)26)17)58)67
14.12.2008  Zahlen:
5)6)6)9)10)93)00)59)03)29)78)75)94)21)32)05)31)79)92)00
15.12.2008  Zahlen:
1)7)9)36)12)53)80)36)80)50)99)40)66)63)08)41)09)96)62)84
16.12.2008  Zahlen:
7)7)5)76)08)59)77)11)76)01)33)89)90)74)30)43)94)15)97)18
17.12.2008  Zahlen:
6)5)3)89)11)74)52)12)80)88)07)11)37)39)04)77)66)05)00)82
18.12.2008  Zahlen:
2)3)1)8)2)9)08)58)74)49)23)10)64)24)25)72)96)73)91)68
19.12.2008  Zahlen:
9)3)39)53)83)75)71)78)92)70)01)80)94)84)54)98)16)67)80)32
21.12.2008  Zahlen:
91)98)86)36)47)21)30)94)01)22)92)18)41)57)92)97)69)33)96)97
22.12.2008  Zahlen:
1)97)55)53)92)93)94)97)35)78)59)47)37)83)96)88)60)86)03)74
23.12.2008  Zahlen:
0)3)53)85)52)91)10)58)74)24)99)28)81)84)99)34)08)08)66)59
24.12.2008  Zahlen:
0)7)8)35)77)74)60)92)21)15)16)30)49)86)38)44)35)55)24)10
25.12.2008  Zahlen:
7)4)50)45)28)71)40)30)50)45)82)04)29)58)92)51)88)04)31)30
26.12.2008  Zahlen:
6)8)96)56)02)78)45)70)35)04)90)48)70)34)08)69)55)59)94)29
28.12.2008  Zahlen:
2)0)3)90)06)77)65)20)55)55)68)86)21)88)94)83)24)66)74)63
29.12.2008  Zahlen:
4)1)2)74)60)29)19)29)94)63)69)48)44)39)30)01)27)33)43)58
30.12.2008  Zahlen:
4)5)6)9)12)19)25)29)30)36)37)41)42)50)51)53)55)60)61)65
31.12.2008  Zahlen:
3)14)17)21)24)31)36)37)38)41)43)45)46)51)52)58)61)62)64)70
01.01.2009  Zahlen:
0)7)5)6)9)39)46)50)12)84)37)41)47)11)99)45)64)13)69)99
02.01.2009  Zahlen:
3)3)8)94)18)07)62)47)91)75)10)33)55)86)06)77)54)82)30)72
04.01.2009  Zahlen:
4)8)12)18)19)20)27)30)32)36)38)48)50)54)55)59)61)62)64)70
05.01.2009  Zahlen:
8)61)54)92)52)86)38)47)75)57)68)22)80)94)96)26)45)72)32)64
06.01.2009  Zahlen:
0)9)49)58)11)72)40)76)41)07)45)49)63)02)15)05)46)56)67)17
07.01.2009  Zahlen:
0)2)2)0)5)32)09)85)71)57)91)42)83)47)55)58)05)50)20)33
19,09,2008  Zahlen:
01)69)16)23)81)81)63)59)01)64)13)93)11)14)17)33)11)50)95)60
09.01.2009  Zahlen:
5)6)4)95)44)55)65)09)07)25)38)67)73)77)04)18)06)91)50)83
11.01.2009  Zahlen:
5)04)54)37)00)19)66)97)45)95)03)51)52)81)01)42)44)98)82)76
12.01.2009  Zahlen:
8)6)1)86)29)20)28)32)95)66)05)75)50)11)45)07)00)45)62)49
13.01.2009  Zahlen:
6)6)7)6)55)60)51)61)45)04)36)45)35)56)51)00)87)44)38)74
14.01.2009  Zahlen:
6)79)74)44)00)53)72)36)29)09)04)95)85)08)84)23)64)11)99)90
15.01.2009  Zahlen:
5)9)3)23)48)88)74)11)45)49)66)67)44)07)81)74)52)91)88)79
16.01.2009  Zahlen:
2)4)6)29)30)31)32)34)37)41)42)45)48)52)53)54)59)61)69)70
18.01.2009  Zahlen:
0)24)01)43)45)06)45)73)51)38)82)28)93)74)40)93)75)14)88)05
19.01.2009  Zahlen:
3)2)7)1)16)99)25)97)93)87)55)90)78)89)38)40)75)24)22)15
20.01.2009  Zahlen:
8)9)36)28)40)35)78)21)18)87)02)10)31)37)61)64)00)33)63)33
21.01.2009  Zahlen:
4)2)8)94)61)98)17)37)89)73)53)75)13)04)84)22)60)28)53)96
22.01.2009  Zahlen:
4)8)9)5)21)06)30)30)27)90)36)52)69)35)73)71)08)38)61)74
23.01.2009  Zahlen:
7)0)2)2)59)04)06)88)65)49)55)58)73)51)18)56)87)01)30)45
25.01.2009  Zahlen:
2)3)83)18)08)51)96)50)62)82)80)13)92)35)32)11)65)60)08)53
26.01.2009  Zahlen:
7)0)09)56)00)71)94)93)80)78)69)39)13)39)23)00)94)35)14)71
27.01.2009  Zahlen:
0)4)6)26)36)50)97)35)67)12)35)61)73)77)58)38)16)11)38)65
28.01.2009  Zahlen:
3)6)6)7)13)43)05)17)14)07)69)88)04)62)67)53)63)86)31)30
29.01.2009  Zahlen:
5)42)78)15)72)53)01)45)73)70)43)07)09)17)30)25)82)76)52)98
30.01.2009  Zahlen:
6)9)9)14)26)41)76)36)22)67)94)39)33)06)26)29)67)27)97)31
01.02.2009  Zahlen:
4)7)98)10)43)86)94)03)28)49)55)30)97)62)69)61)26)32)89)65
02.02.2009  Zahlen:
7)6)1)3)29)89)53)04)21)42)57)85)87)24)39)90)05)90)08)06
03.02.2009  Zahlen:
4)5)2)2)00)62)60)96)10)77)28)79)53)30)51)27)11)94)33)89
04.02.2009  Zahlen:
6)3)2)4)83)58)16)29)79)20)81)14)20)59)01)04)87)85)34)57
05.02.2009  Zahlen:
5)0)71)99)69)98)70)70)08)38)37)71)39)14)39)57)86)37)07)03
06.02.2009  Zahlen:
3)1)03)87)45)63)33)75)15)36)98)44)01)92)70)88)27)99)79)44
08.02.2009  Zahlen:
5)9)10)11)12)14)17)21)31)35)36)39)43)46)50)52)53)58)65)70
09.02.2009  Zahlen:
1)8)79)78)66)91)09)88)47)68)93)14)52)74)24)90)41)99)32)18
10.02.2009  Zahlen:
9)4)7)25)31)48)86)51)06)38)53)09)42)51)82)57)25)64)18)88
11.02.2009  Zahlen:
1)0)85)92)98)71)51)74)16)44)33)25)53)91)15)39)84)57)94)33
12.02.2009  Zahlen:
2)8)35)84)90)54)24)20)06)15)75)28)87)38)51)56)49)15)43)00
13.02.2009  Zahlen:
3)4)6)8)14)19)20)25)28)29)38)46)54)56)58)61)62)67)68)70
15.02.2009  Zahlen:
9)62)17)45)53)02)46)51)28)90)92)03)37)69)23)82)38)13)89)67
16.02.2009  Zahlen:
9)2)7)84)04)62)91)43)50)36)33)43)81)07)24)58)77)73)04)06
17.02.2009  Zahlen:
4)5)68)75)39)61)79)23)01)72)41)02)85)34)12)61)05)67)26)90
18.02.2009  Zahlen:
5)6)05)23)41)41)24)07)97)43)67)12)63)54)30)08)15)80)56)42
19.02.2009  Zahlen:
2)5)12)13)19)25)32)34)35)36)37)39)42)44)53)55)57)61)63)70
20.02.2009  Zahlen:
8)1)9)89)93)36)17)22)47)98)79)35)98)73)92)85)24)27)55)02
22.02.2009  Zahlen:
2)6)8)4)14)38)77)07)34)01)43)09)35)61)16)66)09)70)15)84
23.02.2009  Zahlen:
7)6)9)24)19)42)32)28)61)26)53)34)45)34)08)47)70)73)98)84
24.02.2009  Zahlen:
1)4)5)11)15)22)33)43)46)47)49)51)52)54)55)58)62)66)67)70
25.02.2009  Zahlen:
3)4)0)4)52)08)78)16)85)30)98)34)08)32)62)86)26)31)30)69
26.02.2009  Zahlen:
1)7)15)22)23)24)32)34)36)39)40)41)43)44)50)51)53)58)59)60
27.02.2009  Zahlen:
7)11)12)14)19)21)24)27)28)30)35)44)49)50)51)58)63)65)69)70
01.03.2009  Zahlen:
3)23)20)96)22)97)25)64)53)30)03)30)02)67)29)36)07)93)02)43
02.03.2009  Zahlen:
9)7)00)94)86)30)36)11)26)10)45)92)91)17)33)24)34)47)57)76
03.03.2009  Zahlen:
4)1)0)01)63)42)75)14)64)53)94)76)41)13)00)03)46)97)55)24
04.03.2009  Zahlen:
0)6)9)91)82)78)02)13)44)53)11)96)69)47)93)73)20)35)06)67
05.03.2009  Zahlen:
5)0)1)63)87)90)14)06)19)32)41)72)56)43)14)93)63)75)75)00
06.03.2009  Zahlen:
8)0)6)6)5)45)87)10)52)78)96)41)82)69)03)62)51)95)63)28
08.03.2009  Zahlen:
6)5)06)14)32)30)96)09)83)60)26)10)33)17)63)34)39)28)31)62
09.03.2009  Zahlen:
2)8)42)67)21)45)98)57)30)96)46)08)65)98)99)01)76)06)60)15
10.03.2009  Zahlen:
6)8)8)04)84)16)42)16)39)07)15)06)11)38)74)28)59)95)81)64
11.03.2009  Zahlen:
7)4)5)6)17)68)31)12)73)00)20)33)90)36)77)42)10)86)99)60
12.03.2009  Zahlen:
4)39)18)41)92)50)14)63)24)54)18)27)86)90)95)41)24)30)35)07
13.03.2009  Zahlen:
6)8)26)32)28)78)83)99)11)97)94)40)36)91)40)17)93)49)99)05
15.03.2009  Zahlen:
1)9)4)7)9)70)66)11)42)47)90)18)25)82)74)97)90)35)24)29
16.03.2009  Zahlen:
2)3)8)10)11)17)26)31)32)35)37)39)46)50)55)57)58)60)68)70
17.03.2009  Zahlen:
1)2)4)5)8)12)16)17)26)29)33)36)45)46)50)58)59)64)66)70
18.03.2009  Zahlen:
0)0)5)25)42)70)89)63)06)24)69)33)15)27)25)65)28)99)80)83
19.03.2009  Zahlen:
3)3)8)00)40)75)02)20)48)06)61)80)79)34)38)02)54)82)33)34
20.03.2009  Zahlen:
3)4)12)32)28)98)50)87)85)97)17)76)11)65)97)39)05)08)91)21
22.03.2009  Zahlen:
2)75)75)04)06)37)18)35)90)95)75)35)35)27)26)35)44)34)59)38
23.03.2009  Zahlen:
4)6)5)82)06)07)27)26)34)53)98)03)42)69)81)06)15)84)05)58
24.03.2009  Zahlen:
3)3)9)2)14)33)17)54)63)01)84)02)96)13)34)30)22)07)71)69
25.03.2009  Zahlen:
7)69)31)43)20)41)33)01)21)17)64)17)95)82)28)18)75)04)94)25
26.03.2009  Zahlen:
5)1)3)16)01)71)76)63)98)09)59)09)03)37)96)05)97)32)62)25
27.03.2009  Zahlen:
7)6)80)96)57)46)68)22)91)48)44)11)79)04)55)23)64)97)46)46
29.03.10  Zahlen:
2)6)3)5)02)05)57)59)35)15)74)38)31)06)26)92)22)65)73)41
30.03.2009  Zahlen:
9)0)3)1)23)01)90)39)31)29)15)50)86)57)21)30)90)33)65)45
31.03.2009  Zahlen:
3)6)39)83)19)74)07)32)08)47)23)95)18)09)73)80)88)49)21)63
01.04.2009  Zahlen:
2)2)7)5)37)52)10)49)98)15)34)67)57)93)58)92)72)74)85)93
02.04.2009  Zahlen:
5)7)36)96)43)32)69)28)02)88)47)39)28)43)63)96)98)48)22)31
03.04.2009  Zahlen:
3)5)0)9)24)51)81)07)37)54)30)44)79)10)53)93)09)68)43)12
05.04.2009  Zahlen:
3)6)7)12)18)20)21)27)28)29)31)33)34)38)58)59)63)64)65)70
06.04.2009  Zahlen:
5)5)78)01)43)66)65)42)28)81)61)01)63)55)87)56)96)32)14)99
07.04.2009  Zahlen:
5)0)80)54)78)40)28)92)48)89)65)74)36)22)94)73)32)24)52)65
08.04.2009  Zahlen:
3)0)99)55)59)07)62)03)31)41)72)84)21)50)09)30)74)88)61)56
09.04.2009  Zahlen:
2)3)3)23)93)52)23)33)86)48)07)98)24)06)08)79)97)77)69)82
12.04.2009  Zahlen:
5)8)10)16)22)23)31)32)35)44)52)55)57)60)61)63)65)66)67)70
  Zahlen:  9)3)60)04)96)67)30)20)29)36)76)36)34)97)67)69)26)32)06)56
13.04.2009  Zahlen:
7)5)48)24)82)73)21)68)10)59)63)87)92)14)03)97)22)40)78)75
14.04.2009  Zahlen:
9)5)5)92)03)39)62)81)85)81)91)17)11)26)14)14)27)23)49)12
15.04.2009  Zahlen:
0)5)3)8)63)90)49)17)79)55)63)61)51)11)46)66)63)11)30)56
16.04.2009  Zahlen:
9)4)6)5)25)84)52)77)62)63)39)71)93)27)35)01)61)42)25)33
17.04.2009  Zahlen:
0)3)0)4)2)32)93)19)78)70)71)70)40)71)78)41)57)05)60)34
19.04.2009  Zahlen:
6)78)08)57)40)07)26)58)30)65)62)79)29)31)49)93)92)76)96)47
20.04.2009  Zahlen:
3)6)8)11)21)22)27)33)35)42)44)45)47)49)50)51)60)61)69)70
21.04.2009  Zahlen:
4)8)9)11)19)21)23)24)30)36)37)48)56)57)60)62)65)68)69)70
22.04.2009  Zahlen:
6)95)80)21)05)01)05)27)59)83)20)68)28)54)44)90)54)35)40)40
23.04.2009  Zahlen:
1)37)45)69)96)71)55)45)16)49)68)91)30)28)30)94)53)99)51)32
24.04.2009  Zahlen:
9)3)10)62)58)32)69)19)40)87)53)76)79)42)81)45)56)83)27)47
26.04.2009  Zahlen:
1)0)9)36)93)29)92)33)42)04)55)85)02)06)53)34)25)22)85)45
27.04.2009  Zahlen:
5)9)7)1)61)34)87)12)37)70)93)94)40)81)26)04)28)82)22)66
28.04.2009  Zahlen:
5)1)3)91)32)41)18)09)00)44)33)79)90)86)29)32)16)24)21)79
29.04.2009  Zahlen:
6)7)2)89)14)08)03)69)68)47)96)34)31)18)35)76)31)79)27)04
30.04.2009  Zahlen:
1)2)3)6)9)15)17)22)29)31)33)36)37)38)53)55)61)63)67)70
01.05.2009  Zahlen:
5)5)4)54)17)80)38)73)05)47)44)95)40)22)80)63)41)06)74)05
03.05.2009  Zahlen:
10)12)13)14)19)23)29)33)36)37)38)40)43)45)51)52)55)63)69)70
04.05.2009  Zahlen:
7)2)7)25)89)03)83)84)62)52)77)58)00)18)07)66)07)58)71)78
05.05.2009  Zahlen:
2)4)7)10)16)27)33)35)39)45)46)49)51)53)57)62)64)65)67)70
06.05.2009  Zahlen:
2)2)99)85)01)45)70)02)00)08)28)91)84)11)39)25)83)31)96)88
07.05.2009  Zahlen:
0)9)14)74)03)06)45)77)31)50)30)73)66)96)67)44)28)68)65)84
08.05.2009  Zahlen:
9)0)4)6)23)86)57)90)40)35)82)57)47)26)34)65)51)56)47)10
10.05.2009  Zahlen:
8)7)00)71)03)28)37)43)13)49)31)12)03)08)94)83)18)41)20)62
11.05.2009  Zahlen:
0)5)70)82)39)25)76)07)01)09)94)58)53)78)21)65)02)87)72)70
12.05.2009  Zahlen:
8)0)9)32)47)28)35)71)80)37)19)71)87)24)84)44)70)30)26)90
13.05.2009  Zahlen:
7)1)7)38)76)81)16)79)86)80)14)10)79)48)18)84)77)19)52)85
14.05.2009  Zahlen:
6)8)88)70)10)01)77)36)38)90)95)47)04)61)27)01)98)42)04)54
15.05.2009  Zahlen:
1)5)94)28)65)14)26)45)80)71)09)55)67)32)79)80)83)58)82)18
17.05.2009  Zahlen:
9)4)5)66)46)75)77)33)65)75)77)81)63)16)95)62)60)72)86)79
18.05.2009  Zahlen:
5)92)42)91)51)04)31)81)09)43)36)93)50)72)14)17)23)20)50)36
19.05.2009  Zahlen:
46)99)34)85)03)28)40)33)31)35)08)05)18)15)29)77)38)42)45)06
20.05.2009  Zahlen:
3)9)64)57)99)76)54)43)97)41)28)55)92)41)73)75)73)09)00)05
21.05.2009  Zahlen:
5)7)7)7)60)77)36)03)05)00)67)79)41)87)18)88)86)13)31)01
22.05.2009  Zahlen:
4)5)9)10)55)75)35)47)88)82)46)14)68)45)09)83)59)64)32)65
24.05.2009  Zahlen:
0)5)19)11)94)27)36)37)58)66)58)27)25)84)96)92)55)41)94)14
25.05.2009  Zahlen:
10)11)13)22)26)33)36)39)40)41)43)45)48)54)55)56)61)62)68)70
26.05.2009  Zahlen:
0)5)93)37)44)30)15)70)31)90)42)30)20)09)68)55)78)70)69)86
27.05.2009  Zahlen:
6)8)10)12)16)25)27)38)39)42)43)48)51)55)56)59)62)64)67)70
28.05.2009  Zahlen:
81)78)93)94)14)62)21)74)23)17)97)98)57)59)01)59)42)40)88)96
29.05.2009  Zahlen:
9)47)70)16)13)17)64)75)24)08)82)64)61)27)13)47)13)74)90)55
31.05.2009  Zahlen:
6)5)2)35)86)34)94)01)79)98)53)82)74)68)04)84)26)10)53)63
01.06.2009  Zahlen:
7)8)0)0)1)91)82)20)56)24)63)11)84)19)57)77)45)44)63)71
02.06.2009  Zahlen:
7)3)8)56)06)38)76)89)33)33)12)81)09)20)67)55)51)51)01)05
03.06.2009  Zahlen:
5)1)54)28)57)87)63)58)52)06)98)73)11)43)60)97)39)20)60)71
04.06.2009  Zahlen:
2)3)7)10)11)30)32)35)37)38)43)48)51)52)56)59)62)64)69)70
05.06.2009  Zahlen:
3)7)10)14)19)26)29)32)33)34)36)40)41)49)58)62)63)64)66)70
07.06.2009  Zahlen:
26)65)76)50)72)30)03)63)97)32)89)45)97)09)90)37)07)55)42)61
08.06.2009  Zahlen:
94)08)09)86)44)98)69)69)30)41)35)63)01)65)43)73)11)21)90)87
09.06.2009  Zahlen:
9)71)47)69)30)37)76)09)09)86)78)37)48)17)59)93)09)01)61)08
10.06.2009  Zahlen:
3)41)39)96)10)66)73)23)84)74)88)88)27)38)99)29)13)70)61)56
11.06.2009  Zahlen:
4)12)52)65)28)67)10)91)91)05)88)30)33)52)55)55)81)45)78)14
12.06.2009  Zahlen:
8)6)5)7)61)21)07)22)91)00)39)51)08)51)65)67)83)10)49)27
14.06.2009  Zahlen:
2)1)0)54)45)28)50)95)68)19)50)85)42)39)03)24)13)34)31)76
15.06.2009  Zahlen:
9)8)9)75)92)87)56)44)19)55)55)64)15)38)23)44)78)53)73)86
16.06.2009  Zahlen:
1)4)10)15)17)19)21)30)33)34)38)51)54)56)57)58)59)65)69)70
17.06.2009  Zahlen:
5)3)34)53)07)12)74)93)88)77)76)65)95)78)23)28)26)61)21)95
18.06.2009  Zahlen:
7)4)72)98)69)92)94)99)62)82)83)67)06)63)52)44)48)89)41)89
19.06.2009  Zahlen:
1)5)6)13)14)18)19)21)25)32)37)39)44)45)47)58)59)61)65)70
21.06.2009  Zahlen:
5)7)2)70)43)95)48)08)57)47)62)05)07)73)12)21)09)61)46)10
22.06.2009  Zahlen:
9)5)37)73)11)41)23)55)37)40)52)01)58)76)51)53)39)76)61)49
23.06.2009  Zahlen:
7)79)95)97)73)42)13)93)65)84)98)90)96)21)02)26)27)85)97)15
24.06.2009  Zahlen:
8)2)5)6)4)52)00)53)89)60)63)48)18)05)41)47)94)29)57)14
25.06.2009  Zahlen:
1)43)58)40)44)91)25)37)36)70)65)80)65)72)76)78)92)37)70)40
26.06.2009  Zahlen:
2)8)14)18)28)32)38)39)45)47)49)52)55)56)61)63)64)65)66)70
28.06.2009  Zahlen:
6)0)21)99)44)22)00)32)16)83)31)25)40)86)47)93)04)75)47)15
29.06.2009  Zahlen:
1)6)4)52)56)85)28)47)19)95)77)38)68)08)50)40)92)70)04)92
30.06.2009  Zahlen:
1)3)14)18)19)20)21)23)25)26)28)30)34)38)46)55)62)63)69)70
01.07.2009  Zahlen:
1)7)16)17)33)36)38)39)42)43)44)45)48)51)57)58)61)62)69)70
02.07.2009  Zahlen:
7)4)2)0)38)50)35)36)45)72)65)68)53)20)70)86)21)12)77)98
05.07.2009  Zahlen:
6)6)2)58)27)09)05)65)80)83)99)43)83)43)85)21)64)82)60)53
06.07.2009  Zahlen:
1)2)57)02)72)97)29)85)07)77)24)53)28)73)30)64)73)73)20)84
07.07.2009  Zahlen:
2)2)8)46)25)04)19)01)64)53)07)51)79)76)45)77)68)40)01)33
08.07.2009  Zahlen:
9)9)72)22)57)15)10)00)54)27)38)16)90)49)28)48)18)10)78)10
09.07.2009  Zahlen:
2)2)9)75)22)18)29)39)96)48)78)98)92)59)36)77)62)28)69)73
12.07.2009  Zahlen:
4)7)46)83)38)00)19)40)26)77)87)89)05)62)04)36)02)14)10)16
13.07.2009  Zahlen:
4)1)2)5)6)86)06)31)80)37)02)37)97)18)38)57)77)68)25)16
14.07.2009  Zahlen:
2)3)16)19)22)32)33)34)37)39)42)43)46)52)54)55)58)59)61)70
15.07.2009  Zahlen:
4)52)44)12)72)19)59)05)08)98)86)00)91)14)76)44)35)41)46)41
16.07.2009  Zahlen:
0)5)6)85)97)38)16)65)03)63)44)47)82)93)41)59)97)15)05)38
17.07.2009  Zahlen:
7)9)3)22)88)32)95)82)08)65)00)27)87)65)15)45)61)60)04)84
19.07.2009  Zahlen:
4)7)43)67)94)62)97)01)24)36)81)44)20)95)48)41)79)89)63)62
20.07.2009  Zahlen:
8)8)7)26)88)96)52)76)44)16)99)83)95)23)17)25)19)22)05)21
21.07.2009  Zahlen:
0)1)50)64)55)43)92)40)68)18)29)58)33)06)26)61)14)30)22)45
22.07.2009  Zahlen:
3)42)16)42)41)12)42)83)38)82)97)95)29)40)74)64)99)18)89)13
23.07.2009  Zahlen:
81)58)21)76)79)81)52)11)71)48)10)68)22)00)62)80)70)23)69)12
24.07.2009  Zahlen:
2)4)5)0)23)07)99)57)00)04)04)95)78)66)61)68)98)79)71)55
26.07.2009  Zahlen:
4)7)2)6)1)97)03)96)78)05)84)20)71)36)86)40)76)85)82)17
27.07.2009  Zahlen:
6)3)2)0)54)18)55)45)80)02)50)84)57)41)17)69)01)23)01)00
28.07.2009  Zahlen:
2)3)4)5)39)21)73)02)36)30)85)98)93)40)12)51)46)30)19)04
29.07.2009  Zahlen:
9)5)0)46)82)49)59)12)83)48)72)19)53)94)90)55)54)12)54)41
30.07.2009  Zahlen:
8)7)6)7)44)03)30)91)33)00)66)75)53)50)63)11)63)81)80)61
31.07.2009  Zahlen:
3)78)41)20)56)18)01)67)37)97)30)62)09)79)26)73)03)26)49)75
02.08.2009  Zahlen:
9)54)19)75)49)66)02)00)87)01)70)86)93)56)58)25)07)45)93)10
03.08.2009  Zahlen:
2)1)3)86)92)67)45)93)95)28)35)50)91)40)85)12)79)55)80)17
04.08.2009  Zahlen:
0)62)19)09)88)50)89)29)04)98)94)22)97)57)28)68)28)66)81)08
05.08.2009  Zahlen:
5)18)94)75)40)54)83)42)97)35)03)81)46)44)60)08)72)41)58)49
06.08.2009  Zahlen:
3)4)71)45)95)11)06)99)64)70)45)35)42)92)03)86)03)35)09)84
07.08.2009  Zahlen:
0)8)0)1)90)39)56)29)98)99)18)44)20)26)26)92)85)77)78)60
09.08.2009  Zahlen:
1)4)0)77)91)58)89)59)72)08)17)99)21)83)96)16)83)53)01)38
10.08.2009  Zahlen:
4)6)4)86)41)81)69)91)19)48)80)90)48)99)62)96)15)51)76)61
11.08.2009  Zahlen:
6)99)48)29)70)86)70)29)93)14)14)70)86)57)81)05)87)76)09)14
12.08.2009  Zahlen:
2)1)23)18)24)27)83)61)00)38)00)33)32)04)18)65)03)59)29)55
13.08.2009  Zahlen:
1)4)48)13)38)83)84)35)44)06)67)59)69)46)44)94)56)99)52)92
14.08.2009  Zahlen:
9)43)93)51)68)00)83)43)13)57)67)51)52)04)85)57)24)54)62)91
16.08.2009  Zahlen:
5)60)22)88)49)12)03)79)66)97)07)69)40)77)91)54)51)66)05)53
17.08.2009  Zahlen:
7)37)79)21)76)87)37)31)67)10)04)24)12)18)61)75)19)49)35)12
18.08.2009  Zahlen:
6)1)2)97)43)32)92)26)67)54)28)85)73)03)22)07)03)92)63)56
19.08.2009  Zahlen:
9)7)7)09)53)10)18)53)43)39)70)89)15)08)29)18)74)70)44)58
20.08.2009  Zahlen:
4)5)7)12)22)26)28)29)32)42)43)47)49)51)61)62)63)65)66)70
21.08.2009  Zahlen:
1)3)8)9)12)26)29)30)31)36)40)42)47)48)59)61)62)65)67)70
23.08.2009  Zahlen:
5)7)12)13)16)25)32)37)38)41)44)45)50)51)56)57)63)67)68)70
24.08.2009  Zahlen:
3)9)25)68)91)86)96)18)13)53)41)24)35)12)12)11)33)71)43)90
25.08.2009  Zahlen:
2)2)5)33)63)26)14)11)41)68)12)14)36)96)65)64)01)82)03)06
26.08.2009  Zahlen:
0)9)8)8)1)83)95)75)15)95)65)60)94)77)41)46)38)84)74)85
27.08.2009  Zahlen:
7)9)29)00)22)38)92)13)47)57)95)28)51)55)08)83)40)91)23)96
28.08.2009  Zahlen:
3)8)3)8)84)37)22)24)80)41)55)16)43)11)27)91)48)11)35)31
30.08.2009  Zahlen:
2)9)98)33)30)29)69)82)80)72)79)89)49)37)22)06)13)33)43)52
31.08.2009  Zahlen:
8)31)42)29)11)48)82)85)27)94)97)87)34)24)53)03)66)24)26)81
01.09.2009  Zahlen:
1)7)8)10)14)19)22)25)30)36)48)49)50)51)56)64)66)67)69)70
02.09.2009  Zahlen:
7)3)34)95)83)95)56)58)00)34)76)98)02)64)67)21)54)95)81)33
03.09.2009  Zahlen:
8)03)67)25)91)91)22)76)47)03)64)95)22)69)26)30)41)67)89)54
04.09.2009  Zahlen:
1)3)4)7)13)21)23)25)30)31)36)39)45)48)53)54)58)62)69)70
06.09.2009  Zahlen:
12)16)17)18)20)21)24)25)30)31)35)38)40)48)49)53)63)66)68)70
07.09.2009  Zahlen:
4)0)6)68)47)45)78)68)50)76)60)33)98)02)21)35)56)91)15)68
08.09.2009  Zahlen:
2)8)5)7)54)72)73)49)26)48)04)10)59)84)17)44)20)02)54)22
09.09.2009  Zahlen:
4)14)46)66)07)71)01)50)40)05)96)05)88)70)85)38)90)60)49)64
10.09.2009  Zahlen:
37)10)02)20)64)84)01)90)71)69)73)81)17)15)23)73)79)83)86)68
11.09.2009  Zahlen:
1)5)05)52)45)73)50)06)14)42)76)44)30)47)86)18)81)00)32)64
13.09.2009  Zahlen:
2)4)5)6)8)13)19)25)31)32)34)36)37)40)48)54)55)58)59)65
14.09.2009  Zahlen:
6)9)14)16)18)19)20)30)32)36)47)48)49)51)52)56)58)60)61)65
15.09.2009  Zahlen:
3)3)2)40)60)79)56)51)72)87)98)38)30)81)14)15)58)19)74)66
16.09.2009  Zahlen:
8)2)4)1)20)22)21)75)33)03)90)69)63)49)95)51)39)94)56)25
17.09.2009  Zahlen:
3)7)89)55)64)47)05)13)23)11)65)07)69)44)80)06)92)42)23)59
18.09.2009  Zahlen:
7)78)95)55)43)87)03)33)06)11)62)27)30)02)85)89)25)17)23)37
20.09.2009  Zahlen:
6)6)9)9)3)52)55)09)15)37)42)13)58)97)03)16)65)82)70)89
21.09.2009  Zahlen:
7)2)3)0)0)27)52)12)03)69)78)98)61)39)49)30)75)38)70)69
22.09.2009  Zahlen:
6)7)6)1)08)15)64)01)89)81)20)34)43)41)49)78)51)87)63)46
23.09.2009  Zahlen:
6)10)18)21)22)25)31)32)33)37)39)40)43)58)59)60)62)64)67)70
24.09.2009  Zahlen:
27)32)55)69)13)60)59)48)05)06)24)35)54)02)11)19)61)93)77)82
25.09.2009  Zahlen:
1)3)4)5)6)8)28)34)35)40)43)44)48)49)50)58)61)68)69)70
27.09.2009  Zahlen:
2)6)00)33)61)81)42)86)37)04)87)42)46)07)35)67)43)09)01)25
  Zahlen:  0)0)0)0)0)0)0)0)0)0)0)0)0)0)0)0)0)0)0)0
28.09.2009  Zahlen:
5)6)34)74)65)90)16)28)29)34)95)63)18)00)88)85)81)08)21)36
29.09.2009  Zahlen:
7)1)5)50)16)90)51)61)56)81)75)62)74)41)13)97)29)06)40)72
30.09.2009  Zahlen:
7)81)23)06)46)29)26)79)23)60)43)42)60)44)88)49)29)89)87)79
01.10.2009  Zahlen:
1)5)66)87)14)69)81)83)74)18)27)54)90)62)10)30)41)18)92)61
02.10.2009  Zahlen:
6)44)17)28)17)82)58)95)65)16)50)82)75)82)77)18)02)79)00)33
04.10.2009  Zahlen:
4)60)29)17)63)38)74)17)48)28)05)55)18)55)74)02)43)98)33)28
05.10.2009  Zahlen:
3)6)11)16)23)26)29)30)31)32)35)42)45)48)51)59)60)66)68)70
06.10.2009  Zahlen:
9)6)2)39)74)01)13)49)16)87)19)90)12)50)08)73)69)69)33)81
07.10.2009  Zahlen:
9)9)1)3)33)12)88)72)73)68)97)88)91)52)03)74)24)17)66)68
08.10.2009  Zahlen:
2)3)7)9)13)20)28)31)32)33)34)35)38)39)41)51)53)55)58)60
09.10.2009  Zahlen:
1)15)64)56)97)33)09)17)24)86)09)00)38)96)62)67)38)02)13)82
11.10.2009  Zahlen:
7)1)7)9)78)40)25)31)21)52)37)18)67)13)02)32)14)78)41)67
12.10.2009  Zahlen:
4)3)9)29)26)08)42)87)40)85)87)78)43)28)97)44)28)41)77)93
13.10.2009  Zahlen:
4)6)11)12)21)22)31)39)41)44)48)53)55)58)59)61)64)65)66)70
14.10.2009  Zahlen:
1)4)5)7)8)10)22)24)25)43)48)52)54)56)57)58)59)61)69)70
15.10.2009  Zahlen:
8)6)65)67)60)52)13)79)85)41)08)96)16)47)02)83)93)12)80)12
16.10.2009  Zahlen:
2)9)49)85)24)14)86)47)76)70)28)80)50)78)58)67)62)41)83)24
18.10.2009  Zahlen:
9)3)34)75)93)81)61)74)43)50)37)46)44)00)80)09)73)42)36)56
19.10.2009  Zahlen:
4)6)71)49)99)61)26)55)76)60)51)11)72)22)08)04)65)42)97)68
20.10.2009  Zahlen:
1)3)6)8)10)11)13)15)19)26)29)31)33)38)42)44)49)61)62)65
21.10.2009  Zahlen:
1)0)2)31)16)57)31)90)66)66)49)55)17)65)24)88)58)06)29)26
22.10.2009  Zahlen:
2)3)66)04)36)30)56)33)53)47)52)57)20)19)91)04)99)10)98)50
23.10.2009  Zahlen:
7)1)2)1)72)05)68)32)00)39)21)82)87)73)38)31)11)14)87)16
25.10.2009  Zahlen:
8)2)64)21)08)86)80)11)60)75)96)18)26)13)22)47)61)65)57)29
26.10.2009  Zahlen:
7)4)2)7)92)48)80)26)04)62)56)17)79)80)23)27)55)81)49)10
27.10.2009  Zahlen:
8)1)5)5)09)45)03)86)14)03)27)86)05)37)24)08)88)54)66)74
28.10.2009  Zahlen:
5)4)01)46)14)78)71)69)75)09)66)66)78)06)35)00)96)40)58)05
29.10.2009  Zahlen:
2)3)12)16)21)27)31)33)36)38)42)43)45)48)52)58)59)63)64)65
30.10.2009  Zahlen:
5)3)90)64)21)17)38)74)32)50)19)49)70)58)88)49)79)94)93)89
01.11.2009  Zahlen:
5)9)8)0)2)70)34)86)90)04)22)27)16)12)01)11)73)02)64)32
02.11.2009  Zahlen:
0)5)12)53)12)91)44)12)08)08)29)71)55)51)03)53)68)61)22)00
03.11.2009  Zahlen:
79)01)07)90)65)04)07)27)13)37)02)50)53)80)06)30)29)27)58)89
04.11.2009  Zahlen:
4)8)22)71)20)41)31)62)86)45)87)01)96)52)43)78)00)66)92)12
05.11.2009  Zahlen:
9)4)3)2)5)2)52)01)63)83)16)48)51)13)62)98)13)52)27)09
06.11.2009  Zahlen:
0)91)38)89)89)93)47)24)68)76)19)41)31)55)33)57)66)71)44)45
08.11.2009  Zahlen:
1)9)0)4)48)48)01)08)50)87)71)18)38)08)65)58)50)71)98)30
09.11.2009  Zahlen:
0)76)05)47)90)53)00)27)16)91)99)06)96)53)89)41)11)33)55)46
10.11.2009  Zahlen:
6)2)66)99)35)96)29)78)54)38)41)70)16)50)22)22)64)52)84)68
11.11.2009  Zahlen:
9)0)65)53)86)27)54)51)91)07)62)59)46)18)46)63)81)14)90)39
12.11.2009  Zahlen:
9)9)86)70)70)83)53)53)44)42)03)90)77)63)12)81)12)50)46)48
13.11.2009  Zahlen:
1)2)8)9)11)18)21)22)24)33)36)41)43)46)51)52)54)57)65)70
15.11.2009  Zahlen:
6)28)29)30)32)34)37)38)39)40)49)52)56)59)60)61)63)67)68)70
16.11.2009  Zahlen:
2)5)24)52)07)54)30)93)88)51)86)13)79)73)28)14)74)12)13)05
17.11.2009  Zahlen:
6)7)8)9)14)18)23)27)28)30)35)39)40)49)52)55)56)64)66)70
18.11.2009  Zahlen:
3)1)81)34)92)20)09)10)16)60)78)65)74)02)58)79)26)70)06)06
19.11.2009  Zahlen:
2)4)5)7)8)15)17)18)19)31)36)47)50)51)52)57)60)62)69)70
20.11.2009  Zahlen:
8)4)1)0)89)61)90)61)61)00)94)37)01)81)67)33)13)88)57)32
22.11.2009  Zahlen:
1)7)9)4)1)47)40)83)87)36)79)50)22)90)98)98)01)83)84)89
23.11.2009  Zahlen:
2)4)4)36)87)82)27)00)11)13)67)88)57)57)23)66)49)61)16)02
24.11.2009  Zahlen:
3)11)15)18)23)28)30)31)32)33)35)40)41)45)46)47)55)56)61)70
25.11.2009  Zahlen:
6)5)96)13)39)87)64)20)40)71)27)19)71)69)18)15)65)81)47)48
26.11.2009  Zahlen:
2)9)13)88)10)26)80)62)55)88)80)60)65)78)88)06)58)81)83)70
27.11.2009  Zahlen:
4)8)8)99)86)99)75)36)02)56)87)00)49)84)22)70)57)12)59)47
29.11.2009  Zahlen:
4)57)01)68)88)31)44)82)00)78)43)57)10)83)62)31)19)80)81)14
30.11.2009  Zahlen:
7)1)1)97)20)34)80)11)99)69)83)88)98)54)03)61)82)65)92)36
01.12.2009  Zahlen:
04)96)93)65)49)34)06)58)95)41)51)24)74)42)45)33)75)74)31)34
02.12.2009  Zahlen:
6)0)7)43)63)34)19)54)75)95)83)08)84)50)74)54)19)39)89)32
03.12.2009  Zahlen:
0)7)66)98)89)92)02)70)55)43)57)36)23)15)56)47)02)06)80)02
04.12.2009  Zahlen:
4)2)96)44)08)43)24)35)60)95)34)65)59)91)62)85)17)69)48)89
06.12.2009  Zahlen:
6)8)0)14)47)46)41)48)07)51)83)34)60)41)90)40)56)34)68)28
07.12.2009  Zahlen:
8)7)0)42)41)96)79)26)46)40)81)72)09)77)78)38)00)78)87)66
08.12.2009  Zahlen:
3)4)64)90)18)51)16)88)68)87)92)72)65)33)26)68)17)47)43)53
09.12.2009  Zahlen:
0)8)1)6)96)09)24)29)95)80)57)31)62)50)94)31)06)84)22)70
10.12.2009  Zahlen:
2)3)4)28)97)71)80)28)80)69)82)78)40)94)38)03)91)03)74)28
11.12.2009  Zahlen:
1)2)10)11)16)18)26)34)38)39)45)46)47)50)55)59)60)64)66)70
13.12.2009  Zahlen:
9)3)16)29)42)38)29)98)48)38)80)17)18)58)85)62)44)77)60)68
14.12.2009  Zahlen:
7)12)38)01)60)01)49)86)56)13)07)99)61)37)00)91)89)44)71)27
15.12.2009  Zahlen:
7)7)17)07)75)33)86)34)69)98)03)57)35)69)26)20)75)58)05)00
16.12.2009  Zahlen:
05)32)50)60)55)82)74)90)82)23)62)36)44)65)44)38)61)90)05)31
17.12.2009  Zahlen:
2)1)5)0)9)81)36)32)78)33)84)07)06)88)18)60)98)21)67)46
18.12.2009  Zahlen:
9)3)2)6)50)64)63)08)94)58)96)49)29)00)69)64)75)23)11)22
20.12.2009  Zahlen:  0)0)0)0)0)0)0)0)0)0)0)0)0)0)0)0)0)0)0)0
21.12.2009  Zahlen:  0)0)0)0)0)0)0)0)0)0)0)0)0)0)0)0)0)0)0)0
22.12.2009  Zahlen:  0)0)0)0)0)0)0)0)0)0)0)0)0)0)0)0)0)0)0)0
23.12.2009  Zahlen:  0)0)0)0)0)0)0)0)0)0)0)0)0)0)0)0)0)0)0)0
24.12.2009  Zahlen:  0)0)0)0)0)0)0)0)0)0)0)0)0)0)0)0)0)0)0)0
25.12.2009  Zahlen:  0)0)0)0)0)0)0)0)0)0)0)0)0)0)0)0)0)0)0)0
27.12.2009  Zahlen:  0)0)0)0)0)0)0)0)0)0)0)0)0)0)0)0)0)0)0)0
28.12.2009  Zahlen:  0)0)0)0)0)0)0)0)0)0)0)0)0)0)0)0)0)0)0)0
29.12.2009  Zahlen:  0)0)0)0)0)0)0)0)0)0)0)0)0)0)0)0)0)0)0)0
30.12.2009  Zahlen:  0)0)0)0)0)0)0)0)0)0)0)0)0)0)0)0)0)0)0)0
31.12.2009  Zahlen:  0)0)0)0)0)0)0)0)0)0)0)0)0)0)0)0)0)0)0)0
01.01.2010  Zahlen:  0)0)0)0)0)0)0)0)0)0)0)0)0)0)0)0)0)0)0)0
03.01.2010  Zahlen:  0)0)0)0)0)0)0)0)0)0)0)0)0)0)0)0)0)0)0)0
04.01.2010  Zahlen:  0)0)0)0)0)0)0)0)0)0)0)0)0)0)0)0)0)0)0)0
05.01.2010  Zahlen:  0)0)0)0)0)0)0)0)0)0)0)0)0)0)0)0)0)0)0)0
06.01.2010  Zahlen:  0)0)0)0)0)0)0)0)0)0)0)0)0)0)0)0)0)0)0)0
07.01.2010  Zahlen:  0)0)0)0)0)0)0)0)0)0)0)0)0)0)0)0)0)0)0)0
08.01.2010  Zahlen:  0)0)0)0)0)0)0)0)0)0)0)0)0)0)0)0)0)0)0)0
10.01.2010  Zahlen:  0)0)0)0)0)0)0)0)0)0)0)0)0)0)0)0)0)0)0)0
11.01.2010  Zahlen:  0)0)0)0)0)0)0)0)0)0)0)0)0)0)0)0)0)0)0)0
12.01.2010  Zahlen:  0)0)0)0)0)0)0)0)0)0)0)0)0)0)0)0)0)0)0)0
13.01.2010  Zahlen:  0)0)0)0)0)0)0)0)0)0)0)0)0)0)0)0)0)0)0)0
14.01.2010  Zahlen:  0)0)0)0)0)0)0)0)0)0)0)0)0)0)0)0)0)0)0)0
15.01.2010  Zahlen:  0)0)0)0)0)0)0)0)0)0)0)0)0)0)0)0)0)0)0)0
17.01.2010  Zahlen:  0)0)0)0)0)0)0)0)0)0)0)0)0)0)0)0)0)0)0)0
18.01.2010  Zahlen:  0)0)0)0)0)0)0)0)0)0)0)0)0)0)0)0)0)0)0)0
19.01.2010  Zahlen:  0)0)0)0)0)0)0)0)0)0)0)0)0)0)0)0)0)0)0)0
20.01.2010  Zahlen:  0)0)0)0)0)0)0)0)0)0)0)0)0)0)0)0)0)0)0)0
21.01.2010  Zahlen:  0)0)0)0)0)0)0)0)0)0)0)0)0)0)0)0)0)0)0)0
22.01.2010  Zahlen:  0)0)0)0)0)0)0)0)0)0)0)0)0)0)0)0)0)0)0)0
24.01.2010  Zahlen:  0)0)0)0)0)0)0)0)0)0)0)0)0)0)0)0)0)0)0)0
25.01.2010  Zahlen:  0)0)0)0)0)0)0)0)0)0)0)0)0)0)0)0)0)0)0)0
26.01.2010  Zahlen:  0)0)0)0)0)0)0)0)0)0)0)0)0)0)0)0)0)0)0)0
27.01.2010  Zahlen:  0)0)0)0)0)0)0)0)0)0)0)0)0)0)0)0)0)0)0)0
28.01.2010  Zahlen:  0)0)0)0)0)0)0)0)0)0)0)0)0)0)0)0)0)0)0)0
29.01.2010  Zahlen:  0)0)0)0)0)0)0)0)0)0)0)0)0)0)0)0)0)0)0)0
31.01.2010  Zahlen:
6)2)07)60)58)21)29)00)14)95)05)44)79)43)33)93)77)58)47)13
01.02.2010  Zahlen:
1)2)3)11)12)13)15)18)21)23)27)38)39)43)44)50)61)65)67)70
02.02.2010  Zahlen:
5)27)87)81)34)09)83)98)53)75)46)53)42)27)67)04)78)60)16)42
03.02.2010  Zahlen:
8)2)6)87)84)60)03)68)62)90)03)10)20)35)93)96)99)55)14)61
04.02.2010  Zahlen:
6)5)0)24)41)67)60)11)95)66)81)73)30)99)18)12)83)41)61)63
05.02.2010  Zahlen:
8)26)57)58)83)62)02)14)24)50)23)29)45)71)76)43)20)46)16)78
07.02.2010  Zahlen:
9)10)12)13)16)17)18)22)27)29)32)35)39)41)46)48)53)55)57)60
08.02.2010  Zahlen:
2)6)6)05)56)83)25)00)48)71)11)39)57)35)61)01)13)50)98)97
09.02.2010  Zahlen:
6)7)5)1)56)81)16)90)40)78)61)44)88)39)94)67)59)70)15)27
10.02.2010  Zahlen:
9)13)14)15)20)23)27)33)40)41)43)44)45)48)49)58)61)68)69)70
11.02.2010  Zahlen:
7)8)16)18)22)24)25)35)37)38)44)45)47)51)55)56)57)63)64)70
12.02.2010  Zahlen:
2)4)23)73)73)36)23)92)32)38)48)39)04)00)23)07)51)51)45)04
14.02.2010  Zahlen:
9)9)9)67)69)44)82)12)05)78)19)47)15)68)74)31)85)97)80)34
15.02.2010  Zahlen:
2)7)9)9)39)66)36)48)51)20)11)04)03)59)73)29)23)89)32)92
16.02.2010  Zahlen:
5)4)8)86)76)22)98)56)83)62)44)43)63)56)56)75)62)66)55)49
17.02.2010  Zahlen:
4)1)4)48)20)88)56)20)57)92)17)23)40)56)26)56)75)52)40)40
18.02.2010  Zahlen:
1)7)9)11)12)16)20)22)24)28)29)30)34)46)50)54)55)56)68)70
19.02.2010  Zahlen:
11)13)15)20)24)29)32)37)38)39)44)46)50)53)58)60)62)63)64)70
21.02.2010  Zahlen:
6)4)47)30)50)59)98)76)49)05)35)25)77)99)66)92)22)91)16)29
22.02.2010  Zahlen:
5)31)39)78)13)54)18)65)36)50)54)56)86)97)98)41)61)93)19)31
23.02.2010  Zahlen:
7)1)8)0)73)86)29)61)46)38)10)78)47)81)18)10)91)38)43)91
24.02.2010  Zahlen:
8)5)3)12)56)39)51)61)93)12)40)51)61)69)86)55)25)33)30)10
25.02.2010  Zahlen:
5)7)8)45)58)55)78)24)54)91)12)39)80)33)51)24)49)43)14)77
26.02.2010  Zahlen:
3)0)0)2)66)51)34)29)37)43)64)90)95)87)66)48)10)69)57)27
28.02.2010  Zahlen:
7)99)60)72)11)50)58)74)77)88)35)80)56)62)34)11)40)68)89)77
01.03.2010  Zahlen:
5)2)3)07)98)93)94)89)49)08)20)94)23)73)96)39)23)15)07)94
02.03.2010  Zahlen:
6)5)3)91)45)84)20)40)87)21)68)07)86)67)26)05)34)79)84)47
03.03.2010  Zahlen:
7)2)8)4)51)60)61)18)39)51)39)08)41)36)41)87)71)35)72)13
04.03.2010  Zahlen:
7)5)3)49)65)34)32)45)24)06)00)98)73)06)33)15)56)08)89)87
05.03.2010  Zahlen:
4)6)9)68)35)82)42)31)13)86)33)46)46)39)27)66)05)56)41)04
07.03.2010  Zahlen:
7)4)9)98)52)20)98)93)42)17)64)84)61)76)85)82)88)19)49)26
08.03.2010  Zahlen:
1)6)7)14)16)23)25)27)31)32)36)37)40)51)58)59)62)68)69)70
09.03.2010  Zahlen:
1)8)9)10)14)18)22)24)29)32)38)39)44)51)54)56)57)59)65)70
10.03.2010  Zahlen:
6)0)1)51)79)73)07)98)62)80)94)53)83)76)25)75)95)59)66)68
11.03.2010  Zahlen:
9)2)1)29)39)21)75)84)13)79)02)36)05)10)40)25)33)08)85)90
12.03.2010  Zahlen:
4)0)9)23)42)04)00)98)64)79)55)50)36)26)18)67)83)16)85)10
14.03.2010  Zahlen:
8)20)25)26)27)30)31)32)33)34)39)41)46)47)49)50)51)52)63)70
15.03.2010  Zahlen:
2)4)13)14)16)20)25)26)28)31)33)40)51)53)55)56)60)65)68)70
16.03.2010  Zahlen:
4)1)6)44)90)86)79)95)38)34)64)17)10)58)40)21)42)73)85)85
17.03.2010  Zahlen:
2)6)7)17)19)20)26)30)34)35)36)37)47)59)60)63)65)68)69)70
18.03.2010  Zahlen:
1)0)02)74)20)55)85)39)89)79)74)23)46)82)49)97)98)43)14)51
19.03.2010  Zahlen:
3)8)9)18)20)21)23)26)32)39)40)41)46)53)55)57)58)63)69)70
21.03.2010  Zahlen:
4)9)85)82)47)00)75)38)38)24)09)24)04)77)83)50)90)86)10)93
22.03.2010  Zahlen:
1)8)9)20)53)80)15)23)97)89)44)29)76)23)87)40)45)07)07)20
23.03.2010  Zahlen:
6)9)3)6)29)73)41)86)85)98)81)39)05)28)60)82)67)07)45)47
24.03.2010  Zahlen:
8)9)6)77)76)68)78)20)80)54)20)68)79)95)08)68)96)89)21)33
25.03.2010  Zahlen:
1)2)5)6)11)13)14)21)24)25)33)38)40)48)55)56)61)66)69)70
26.03.2010  Zahlen:
3)4)5)10)14)15)16)19)25)26)35)37)38)41)48)50)51)52)59)60
28.03.2010  Zahlen:
9)2)0)05)41)56)95)03)43)05)02)43)38)40)43)13)79)47)27)39
29.03.2010  Zahlen:
2)6)12)15)16)19)21)28)31)32)35)39)48)49)50)52)57)62)63)65
30.03.2010  Zahlen:
3)9)5)41)00)04)79)48)83)41)57)24)45)64)57)54)18)22)97)32
31.03.2010  Zahlen:
9)4)7)0)0)05)78)00)30)34)57)97)55)46)15)76)53)04)41)67
01.04.2010  Zahlen:
0)0)5)9)72)59)90)62)01)54)33)76)33)78)23)91)67)63)34)32
02.04.2010  Zahlen:
3)9)97)35)68)70)56)61)09)13)86)43)02)90)18)06)95)50)85)98
04.04.2010  Zahlen:
93)56)06)02)92)73)40)55)69)26)12)49)84)06)83)63)64)74)14)94
05.04.2010  Zahlen:
0)8)7)88)52)25)46)58)31)59)31)84)68)52)23)81)54)65)07)72
06.04.2010  Zahlen:
3)9)44)74)46)22)17)69)78)77)09)14)31)61)04)46)11)90)73)98
07.04.2010  Zahlen:
5)8)77)84)01)20)42)14)65)17)49)88)99)18)89)92)56)53)64)68
08.04.2010  Zahlen:
9)5)0)2)32)26)11)68)98)02)48)00)46)14)46)38)63)18)26)14
09.04.2010  Zahlen:
3)9)4)79)52)90)97)25)04)11)53)33)28)41)27)36)49)49)28)32
11.04.2010  Zahlen:
7)1)18)20)31)01)97)99)63)95)30)89)10)39)55)22)14)98)93)87
12.04.2010  Zahlen:
5)1)0)07)45)95)86)42)95)12)99)60)09)48)67)15)93)21)41)96
13.04.2010  Zahlen:
1)26)49)93)57)33)01)88)14)57)63)16)86)75)38)62)05)13)42)03
14.04.2010  Zahlen:
3)2)1)8)44)85)16)78)19)22)98)02)73)02)13)92)92)16)13)93
15.04.2010  Zahlen:
3)9)8)0)57)36)30)16)26)00)69)74)69)00)50)95)51)74)53)63
16.04.2010  Zahlen:
7)78)41)11)89)11)09)92)64)22)54)61)87)56)36)14)51)34)32)71
18.04.2010  Zahlen:
7)0)0)55)03)05)25)08)15)76)90)03)29)92)39)60)45)95)81)62
19.04.2010  Zahlen:
7)16)20)27)29)31)33)35)36)44)47)53)54)56)60)62)64)66)67)70
20.04.2010  Zahlen:
1)6)9)6)4)53)37)22)68)54)43)19)64)16)74)13)69)08)76)03
21.04.2010  Zahlen:
5)74)95)23)83)43)40)06)13)92)16)26)75)92)49)02)86)49)91)89
22.04.2010  Zahlen:
9)1)8)54)68)53)78)98)61)24)15)32)98)73)44)78)35)30)87)63
23.04.2010  Zahlen:
6)1)64)28)42)60)64)64)98)38)49)16)25)48)35)40)01)41)38)18
25.04.2010  Zahlen:
8)9)2)92)84)38)37)57)52)96)05)23)66)14)22)10)40)19)92)54
26.04.2010  Zahlen:
6)7)2)35)38)79)65)24)49)51)95)86)44)92)87)37)48)53)52)75
27.04.2010  Zahlen:
2)2)8)7)49)96)33)50)27)37)52)68)71)74)63)12)19)51)27)45
28.04.2010  Zahlen:
4)7)9)3)61)27)25)60)05)75)36)01)07)99)19)21)73)88)88)75
29.04.2010  Zahlen:
40)92)51)97)90)03)98)00)47)48)69)18)78)19)27)13)09)85)85)57
30.04.2010  Zahlen:
5)13)18)22)23)24)32)33)39)43)45)49)50)51)56)58)59)61)68)70
02.05.2010  Zahlen:
7)8)7)1)6)63)87)02)13)45)77)99)62)35)30)33)76)88)65)58
03.05.2010  Zahlen:
4)0)4)52)66)73)52)92)60)58)71)76)96)68)62)13)48)39)91)22
03.05.2020  Zahlen:
4)4)5)80)93)28)64)03)43)36)12)34)34)72)71)72)47)06)83)46
05.05.2010  Zahlen:
1)0)71)69)19)48)40)34)61)24)98)25)13)94)75)27)64)91)43)30
06.05.2010  Zahlen:
5)2)6)84)08)95)21)17)10)82)14)84)72)17)31)97)93)00)77)79
07.05.2010  Zahlen:
7)0)72)85)16)82)90)45)07)20)07)26)96)87)94)10)17)15)56)42
09.05.2010  Zahlen:
9)02)41)58)00)85)59)29)03)38)91)49)20)06)29)12)86)11)65)57
10.05.2010  Zahlen:
3)5)8)3)75)15)80)77)84)54)12)63)48)36)41)55)17)50)61)84
11.05.2010  Zahlen:
6)3)85)56)06)10)19)62)18)45)32)47)53)53)38)79)36)17)46)75
12.05.2010  Zahlen:
7)10)11)15)22)24)31)32)33)34)36)37)38)40)43)46)55)60)68)70
13.05.2010  Zahlen:
8)4)6)26)50)37)25)04)70)79)61)33)71)87)95)97)95)14)33)61
14.05.2010  Zahlen:
0)80)54)53)24)91)10)43)00)24)95)97)13)12)80)57)86)67)22)48
16.05.2010  Zahlen:
8)64)41)79)39)54)95)67)49)22)97)68)63)47)36)04)43)07)57)34
17.05.2010  Zahlen:
3)10)12)17)24)27)32)35)36)37)39)40)41)43)51)53)57)64)66)70
18.05.2010  Zahlen:
6)6)6)83)88)89)31)76)69)67)74)86)70)22)97)49)14)68)14)99
19.05.2010  Zahlen:
7)6)72)82)81)81)37)20)40)13)63)37)11)72)22)71)95)13)85)00
20.05.2010  Zahlen:
0)30)44)18)35)01)18)86)70)33)32)80)68)66)47)09)70)59)59)23
21.05.2010  Zahlen:
2)3)8)02)53)37)66)41)63)75)82)22)50)64)59)40)42)56)40)21
23.05.2010  Zahlen:
1)3)6)8)26)29)37)39)43)48)52)54)57)59)60)62)66)67)69)70
24.05.2010  Zahlen:
3)0)41)03)91)82)38)63)49)79)22)37)60)25)72)23)60)02)50)17
25.05.2010  Zahlen:
4)8)10)11)12)14)16)18)27)42)43)44)49)50)51)55)58)62)66)70
26.05.2010  Zahlen:
7)0)62)41)05)50)25)71)23)85)59)51)18)73)60)02)99)70)16)78
27.05.2010  Zahlen:
1)41)41)81)38)28)71)49)33)44)45)74)62)58)92)22)42)17)19)75
28.05.2010  Zahlen:
7)2)77)01)17)09)87)42)33)99)83)54)28)52)68)75)61)10)72)49
30.05.2010  Zahlen:
4)9)7)70)23)86)02)37)55)77)83)98)98)98)71)22)69)25)77)47
31.05.2010  Zahlen:
1)2)5)9)15)19)20)25)26)31)37)48)50)52)54)57)59)63)64)70
01.06.2010  Zahlen:
5)6)83)21)20)14)04)52)35)72)76)95)61)88)42)19)25)91)31)00
02.06.2010  Zahlen:
4)8)3)6)31)27)86)50)36)56)16)02)63)96)38)43)30)20)47)22
03.06.2010  Zahlen:
1)5)8)16)21)23)26)28)37)38)39)43)47)50)52)53)59)62)63)70
04.06.2010  Zahlen:
1)9)10)58)63)12)35)35)51)87)76)51)99)77)86)40)62)44)71)90
06.06.2010  Zahlen:
6)5)6)62)47)88)40)40)45)22)82)53)41)99)44)92)13)49)18)08
07.06.2010  Zahlen:
4)6)7)8)20)21)28)30)36)37)38)49)50)57)61)62)65)66)68)70
08.06.2010  Zahlen:
6)19)24)31)32)33)34)35)39)44)54)55)56)58)59)61)63)67)68)70
09.06.2010  Zahlen:
9)9)1)6)42)00)07)97)42)85)00)73)73)04)28)65)65)98)37)53
10.06.2010  Zahlen:
4)27)75)13)18)30)17)80)16)35)58)04)71)31)22)66)62)09)42)09
11.06.2010  Zahlen:
7)8)09)21)50)36)74)56)62)67)60)53)53)91)82)02)37)02)54)06
13.06.2010  Zahlen:
7)11)12)19)20)22)23)27)34)35)37)42)43)46)53)55)57)58)60)65
14.06.2010  Zahlen:
7)8)3)54)52)44)03)79)51)53)66)59)69)61)82)77)28)39)00)38
15.06.2010  Zahlen:
0)3)9)68)08)56)06)16)19)09)79)69)86)31)24)99)74)20)60)40
16.06.2010  Zahlen:
0)4)4)6)8)46)82)07)92)79)99)61)84)99)75)08)87)10)08)68
17.06.2010  Zahlen:
6)5)6)60)18)02)62)12)37)91)27)22)52)68)24)30)65)71)72)00
18.06.2010  Zahlen:
4)9)67)12)37)36)97)09)82)28)39)50)99)96)68)39)57)34)76)78