Kauf Kurs  	

714 Billing Concepts   21,00    19,80   14.137,20   -856,80       -5,7%
263 David Joerß        76,00     94,00   24.722,00  4.724,00     23,7%
400 Bankgesll.           25,75     29,00  11.600,00  1.300,00     12,6%
200 Aegis                72,40     75,50  15.100,00     620,70       4,3%

    Aktien                                                         65.559,20 	

    Cash                                                           34.560,00 	

Gesamt                                                          100.119,20