Kursänderung für: Ficks AG (775057)
Datum          Kurs            Höchst           Tiefst          Umsatz

20.11.98       146             149              146             3.743
19.11.98       150             154,50           150             7.807
18.11.98       152             152,80           148             7.646
17.11.98       145             145              138             5.474
16.11.98       135             135              132,50          3.335
13.11.98       132,50          134              131,50          2.921
12.11.98       132,50          132              130             1.220
11.11.98       133             133              131             3.841
10.11.98       130             130              125             3.640
09.11.98       126             127              126             1.062
06.11.98       128             128,50           127             1.120
05.11.98       128             130              129             2.568
04.11.98       129             129,20           129             158
03.11.98       129             130              129             694
02.11.98       130             131              130             1.682
30.10.98       132             132              131,50          461
29.10.98       132             132              131             620
28.10.98       133             133              130,15          1.037
27.10.98       131             131              130             552
26.10.98       130             133              130             1.524
23.10.98       133             133              133             321
22.10.98       133             133              133             570
21.10.98       132             133              131             880
20.10.98       132             134              131             1.626
19.10.98       130,10          134              130,10          750
16.10.98       134             138              134             880
15.10.98       134             141              136             5.642
14.10.98       139             140              136             2.250
13.10.98       135             135,50           135             371
12.10.98       135             135              132             907
09.10.98       132             132              132             470
08.10.98       132
07.10.98       132
06.10.98       132             132              128             7.001
05.10.98       134             137              134             2.143
02.10.98       138,50          139              138,50          1.863
01.10.98       138,50          139              138,50          1.863
30.09.98       138,50          139              138,50          1.863
29.09.98       138,50          139              138,50          1.863
28.09.98       140             142              140             1.100
25.09.98       141,80          141,80           141,30          1.545
24.09.98       143,50          143,50           141             1.505
23.09.98       141             142              139,30          1.096
22.09.98       139,80          141              139,80          1.491
21.09.98       142             142,50           142             1.275
18.09.98       143,90          143,90           143,50          1.458
17.09.98       144,30          146              144,30          2.520
16.09.98       148,50          150              147             2.732
15.09.98       150             151,30           150             6.126
14.09.98       149,50          149,80           146             6.140
11.09.98       143             144              139             1.558
10.09.98       139,20          139,90           139             3.330
09.09.98       138,40          139              138,20          3.009
08.09.98       139,80          140              138,50          1.910
07.09.98       138,50          142              138,50          2.667
04.09.98       142,50          143,20           142,50          1.995
03.09.98       143,90          149              142             5.658
02.09.98       147,50          148,50           145             19.992
01.09.98       135             148,50           127             16.557
31.08.98       168             170              168             2.116
28.08.98       175             175,50           175             2.890
27.08.98       175             177              175             8.143
26.08.98       175             179              175             4.930
25.08.98       178             179              175             4.452
24.08.98       177             177              172             4.166
21.08.98       179             179              176             800
20.08.98       175             176              175             428
19.08.98       176             176              176             40
18.08.98       176             180              176             454
17.08.98       181,50          181,50           181,50          130
14.08.98       183             188              183             2.148
13.08.98       181,50          181,50           181             709
12.08.98       181             181              179             1.835
11.08.98       179             179              177             2.618
10.08.98       177             177              175             2.320
07.08.98       174             174              166             2.538
06.08.98       165,50          165,50           161             1.604
05.08.98       163             171              163             4.267
04.08.98       170             170              160             6.594
03.08.98       182             184              182             670
31.07.98       185             185              184,50          1.371
30.07.98       183,50          184,75           183,50          1.219
29.07.98       186             186              185             1.407
28.07.98       185,50          185,50           185             1.888
27.07.98       184             184,50           183             2.130
24.07.98       185             185              184             2.504
23.07.98       186             188              183             1.770
22.07.98       188             188              185             2.023
21.07.98       186             194              186             5.647
20.07.98       195             195              195             2.849
17.07.98       195             195              195             3.015
16.07.98       197,50          197,50           197,50          3.456
15.07.98       200             200              200             5.158
14.07.98       195             195              195             10.331
13.07.98       193             193              193             4.677
09.07.98       174             174              174             183
08.07.98       180             180              180             37
07.07.98       174,10          174,10           174,10          40
06.07.98       178             178              178             298
03.07.98       166,10          166,10           166,10          150
02.07.98       166,10          166,10           166,10          262
01.07.98       173             173              173             214
30.06.98       171             171              171             205
29.06.98       168             168              168             60
26.06.98       168             168              168             67
25.06.98       170             170              170             115
24.06.98       175             175              175             160
23.06.98       180             180              180             300
22.06.98       175             175              175             236
19.06.98       177             177              177             280
18.06.98       180             180              180             154
17.06.98       182,20          182,20           182,20          200
16.06.98       189             189              189             285
15.06.98       187             187              187             364
12.06.98       199             199              199             1.030
11.06.98       190,10          190,10           190,10          371
10.06.98       192,90          192,90           192,90          535
09.06.98       195             195              195             386
08.06.98       199,75          199,75           199,75          713
05.06.98       197             197              197             1.692
04.06.98       195             195              195             1.075
03.06.98       187             187              187             275
02.06.98       190             190              190             322
01.06.98       190             190              190             600
29.05.98       190             190              190             487
28.05.98       230             230              230             1.582
27.05.98       230             230              230             1.356
26.05.98       215             215              215             785
25.05.98       215             210              210             535
22.05.98       210             220              220             455
21.05.98       220             220              220             315
20.05.98       220             215              215             350
19.05.98       215             215              215             272
18.05.98       210             210              210             180
15.05.98       210             210              210             465
14.05.98       219             219              219             199
13.05.98       220             220              220             570
12.05.98       211             211              211             635
11.05.98       206             206              206             405
08.05.98       201             201              201             790
07.05.98       200             200              200             440
06.05.98       171,10          171,10           171,10          328
05.05.98       170,50          170,50           170,50          844
04.05.98       175             175              175             456
01.05.98       175             183              175             641
30.04.98       190             190              190             340
29.04.98       199,50          199,50           199,50          163
28.04.98       199,50          205              205             257
27.04.98       205             205              205             234
24.04.98       210             210              210             308
23.04.98       220             220              220             540
22.04.98       211,10          211,10           211,10          380
21.04.98       210             210              210             786
20.04.98       210             210              210             1.162
17.04.98       217             217              217             617
16.04.98       217             220              220             3.106
15.04.98       240             240              240             5.084
14.04.98       200             200              200             1.298
13.04.98       176,20          176,20           176,20          603
10.04.98       170             170              170             295
09.04.98       170             170              170             360
08.04.98       167             167              167             70
07.04.98       170             170              170             350
06.04.98       170             170              170             586
02.04.98       176             176              176             847
31.03.98       162             162              162             398
30.03.98       160             160              160             770
27.03.98       145             145              145             905
26.03.98       140             140              140             1.022
25.03.98       150             150              150             500
24.03.98       160             160              160             798
23.03.98       150             150              150             680
20.03.98       150             150              150             730
19.03.98       155             155              155             1.559
18.03.98       148             148              148             711
17.03.98       142             142              142             670
16.03.98       144             144              144             362
13.03.98       144             144              144             365
12.03.98       140             140              140             751
11.03.98       134             134              134             1.102
10.03.98       134             134              134             250
09.03.98       133             133              133             400

Der Kursrückgang Ende August war durch eine Kapitalerhöhung bedingt.
Ferschel-Zack sollte schon bald die alten Höchststände von 200 DM erreichen.

Prior-Börse Nr. 26. 08. 20:
Vorstellung der Neuemissionen für das 26. 08. 20. Dazu ist bei den
Neuemissionen Technotrans (15.12.), Hunzinger Information (04.01.), CE
Consumer Electronic (März) und Heyde und Partner (April) das Bankhaus
Februar (Ficks) erwähnt. Im Text ist weiter zu lesen: "... Vielleicht
eröffnen Sie aber bereits jetzt ein Wertpapierdepot bei einer der
Konsortialbanken, die ein besonders explosives Gemisch an Börsenkandidaten
versprechen. Unser Geheimtip: das Tielenhemme Bankhaus Tim
(Gold-Zack)." Der Name Ferschel-Zack taucht dreimal auf dieser Seite auf!

Viel Erfolg!

Bye...
Hendrik

-- 

Zu meinen beiden Pager-Websites geht es via 

http://CcxnjGJHXZL.OKGG.MOFUE.GL - die Grassland-Börsen-Mailingliste und
http://YwdGpy.AKP - die Pager-Website.