16.07.1997  06.08.1997  27.08.1997  17.09.1997
Deiermann  47,00  49,95  48,80  51,10
TFW  919  944  937  960
DAX Schluß  2630  2692  2674  2765
Deiermann  1  1,062  1,038  1,087
TFW  1,000  1,027  1,019  1,044
DAX Schluß  1,000  1,023  1,016  1,051
Aktie/TFW  1,000  1,034  1,018  1,040
Aktie/DAX  1,000  1,038  1,021  1,034

08.10.1997  29.10.1997  19.11.1997  10.12.1997
31.12.1997
62,18  59,28  58,11  63,04  64,08
998  992  1036  1100  1146
2892  2888  2977  3188  6210
1,322  1,261  1,236  1,341  1,363
1,085  1,079  1,126  1,195  1,245
1,099  1,098  1,131  1,212  1,262
1,218  1,168  1,097  1,121  1,094
1,203  1,148  1,092  1,106  1,079

21.01.1998  11.02.1998  04.03.1998  25.03.1998
15.04.1998
62,65  65,82  69,13  66,05  63,80
1150  1154  1209  1244  1278
3322  3328  3530  3659  3742
1,332  1,4  1,47  1,405  1,357
1,250  1,254  1,314  1,352  1,389
1,263  1,265  1,342  1,391  1,422
1,066  1,116  1,118  1,039  0,976
1,055  1,106  1,095  1,010  0,953

06.05.1998  27.05.1998  17.06.1998  08.07.1998
29.07.1998
67,37  71,85  68,58  63,95  63,80
1353  1462,3  1401,5  1371,23  1385,37
4006,4  4381,7  4169,62  4094,39  4167,85
1,433  1,528  1,459  1,36  1,357
1,471  1,591  1,525  1,492  1,507
1,523  1,666  1,586  1,557  1,585
0,974  0,960  0,956  0,911  0,900
0,940  0,917  0,920  0,873  0,856

19.08.1998  09.09.1998  30.09.1998  21.10.1998
11.11.1998
63,50  56,50  64,50  64,40  62,80
1378,5  1250  1349,53  1369,31  1355,15
4139,5  3731,08  4072,96  4197,37  4159,4
1,351  1,202  1,372  1,37  1,336
1,500  1,359  1,468  1,490  1,474
1,574  1,419  1,549  1,596  1,582
0,900  0,884  0,934  0,919  0,906
0,858  0,847  0,885  0,858  0,844

FKoe
bocqgcmuz@R-Shrdit.bw  (correct @@@ to @)
Daddy, what does it mean, "Formatting C"?